time x1 y1 x2 y2 E
0.000000000000000000e+00 4.000000000000000222e-01 -2.449293598294706538e-17 8.000000000000000444e-01 -4.898587196589413075e-17 -7.208271059781322519e-16
1.000000000000000021e-02 3.999995300968919865e-01 -6.131249999996872709e-04 7.999995300968920642e-01 -6.131239195904386596e-04 -4.511133135434738581e-03
2.000000000000000042e-02 3.999924814133657414e-01 -2.452511524596462725e-03 7.999924814133567708e-01 -2.452426530637682837e-03 -1.804799473177598479e-02
2.999999999999999889e-02 3.999619341511725379e-01 -5.518263318574361150e-03 7.999619341499771830e-01 -5.517285412756285992e-03 -4.064174009697778256e-02
4.000000000000000083e-02 3.998796675422888747e-01 -9.810784182139304851e-03 7.998796675044015370e-01 -9.805278738346473108e-03 -7.241346588840812115e-02
5.000000000000000278e-02 3.997060877230153020e-01 -1.533112641527770506e-02 7.997060871704164686e-01 -1.531010073812363523e-02 -1.136775870475443539e-01
5.999999999999999778e-02 3.993900448883298537e-01 -2.208148645580482183e-02 7.993900399472093632e-01 -2.201861439205644866e-02 -1.650851486617969099e-01
7.000000000000000666e-02 3.988684542512675457e-01 -3.006586441804865589e-02 7.988684226960689472e-01 -2.990698031602008131e-02 -2.278040081281973994e-01
8.000000000000000167e-02 3.980656017790002998e-01 -3.929092363793931786e-02 7.980654440786514314e-01 -3.893573319005277228e-02 -3.037291011708185273e-01
8.999999999999999667e-02 3.968919671040826991e-01 -4.976712216164160679e-02 7.968913126748375930e-01 -4.904355947064770876e-02 -3.957086348837014489e-01
1.000000000000000056e-01 3.952423161861415291e-01 -6.151025520849476291e-02 7.952399668725660398e-01 -6.013932656659455589e-02 -5.077566045964643227e-01
1.100000000000000006e-01 3.929926717974068784e-01 -7.454367789112391340e-02 7.929851555715934364e-01 -7.209155143493589657e-02 -6.451868214194393936e-01
1.199999999999999956e-01 3.899954875383293551e-01 -8.890174182624772936e-02 7.899735635995743799e-01 -8.471382225384559150e-02 -8.145158001533003844e-01
1.300000000000000044e-01 3.860717588316218696e-01 -1.046355438302779828e-01 7.860123766832928238e-01 -9.774336040093538347e-02 -1.022742082523725449e+00
1.400000000000000133e-01 3.809974630678811813e-01 -1.218233685950216583e-01 7.808457373078447894e-01 -1.108071266167943991e-01 -1.274889957220834091e+00
1.499999999999999944e-01 3.744783911561556655e-01 -1.405913744050369674e-01 7.741072219440952029e-01 -1.233635595968737703e-01 -1.566292872375232070e+00
1.600000000000000033e-01 3.660981396848075331e-01 -1.611587792188906576e-01 7.652149367120442136e-01 -1.345922150692006047e-01 -1.856763311361687485e+00
1.700000000000000122e-01 3.551937270533598312e-01 -1.839494937800681407e-01 7.531084071560296689e-01 -1.431584732143856287e-01 -1.969836576801552219e+00
1.799999999999999933e-01 3.404903558403405417e-01 -2.099197884424388594e-01 7.354512139951330241e-01 -1.466274466811337551e-01 -1.081781781121811115e+00
1.900000000000000022e-01 3.186315641487660333e-01 -2.418138257588072770e-01 7.053623955020351666e-01 -1.396411088486199104e-01 6.435561838506316690e+00
2.000000000000000111e-01 2.737010404793600582e-01 -2.916980295451371830e-01 6.280727550207503285e-01 -1.061698970881014281e-01 1.274768955545664113e+02
2.099999999999999922e-01 -2.332763718946793442e-03 -3.999931977089505319e-01 4.188925428741223367e-02 -2.445196678326211348e-03 4.987156491881582042e+03
2.200000000000000011e-01 -2.038992851204447510e-01 -3.441294546059253112e-01 -4.404750604153053750e-01 -2.158968567248720216e-02 4.256757795582988365e+03
2.300000000000000100e-01 3.988895285413638359e-01 -2.978496298551501845e-02 1.857825441180225579e-01 -3.682896353166215664e-01 7.195494021438091520e+17
2.399999999999999911e-01 1.572009988080281806e-01 3.678149615958523633e-01 3.914685587445388970e-01 6.920351188368749629e-01 6.524830692790721818e+245
2.500000000000000000e-01 nan nan nan nan nan
2.600000000000000089e-01 nan nan nan nan nan
2.700000000000000178e-01 nan nan nan nan nan
2.800000000000000266e-01 nan nan nan nan nan
2.899999999999999800e-01 nan nan nan nan nan
2.999999999999999889e-01 nan nan nan nan nan
3.099999999999999978e-01 nan nan nan nan nan
3.200000000000000067e-01 nan nan nan nan nan
3.300000000000000155e-01 nan nan nan nan nan
3.400000000000000244e-01 nan nan nan nan nan
3.500000000000000333e-01 nan nan nan nan nan
3.599999999999999867e-01 nan nan nan nan nan
3.699999999999999956e-01 nan nan nan nan nan
3.800000000000000044e-01 nan nan nan nan nan
3.900000000000000133e-01 nan nan nan nan nan
4.000000000000000222e-01 nan nan nan nan nan
4.100000000000000311e-01 nan nan nan nan nan
4.199999999999999845e-01 nan nan nan nan nan
4.299999999999999933e-01 nan nan nan nan nan
4.400000000000000022e-01 nan nan nan nan nan
4.500000000000000111e-01 nan nan nan nan nan
4.600000000000000200e-01 nan nan nan nan nan
4.700000000000000289e-01 nan nan nan nan nan
4.799999999999999822e-01 nan nan nan nan nan
4.899999999999999911e-01 nan nan nan nan nan
5.000000000000000000e-01 nan nan nan nan nan
5.100000000000000089e-01 nan nan nan nan nan
5.200000000000000178e-01 nan nan nan nan nan
5.300000000000000266e-01 nan nan nan nan nan
5.400000000000000355e-01 nan nan nan nan nan
5.500000000000000444e-01 nan nan nan nan nan
5.600000000000000533e-01 nan nan nan nan nan
5.700000000000000622e-01 nan nan nan nan nan
5.799999999999999600e-01 nan nan nan nan nan
5.899999999999999689e-01 nan nan nan nan nan
5.999999999999999778e-01 nan nan nan nan nan
6.099999999999999867e-01 nan nan nan nan nan
6.199999999999999956e-01 nan nan nan nan nan
6.300000000000000044e-01 nan nan nan nan nan
6.400000000000000133e-01 nan nan nan nan nan
6.500000000000000222e-01 nan nan nan nan nan
6.600000000000000311e-01 nan nan nan nan nan
6.700000000000000400e-01 nan nan nan nan nan
6.800000000000000488e-01 nan nan nan nan nan
6.900000000000000577e-01 nan nan nan nan nan
7.000000000000000666e-01 nan nan nan nan nan
7.099999999999999645e-01 nan nan nan nan nan
7.199999999999999734e-01 nan nan nan nan nan
7.299999999999999822e-01 nan nan nan nan nan
7.399999999999999911e-01 nan nan nan nan nan
7.500000000000000000e-01 nan nan nan nan nan
7.600000000000000089e-01 nan nan nan nan nan
7.700000000000000178e-01 nan nan nan nan nan
7.800000000000000266e-01 nan nan nan nan nan
7.900000000000000355e-01 nan nan nan nan nan
8.000000000000000444e-01 nan nan nan nan nan
8.100000000000000533e-01 nan nan nan nan nan
8.200000000000000622e-01 nan nan nan nan nan
8.300000000000000711e-01 nan nan nan nan nan
8.399999999999999689e-01 nan nan nan nan nan
8.499999999999999778e-01 nan nan nan nan nan
8.599999999999999867e-01 nan nan nan nan nan
8.699999999999999956e-01 nan nan nan nan nan
8.800000000000000044e-01 nan nan nan nan nan
8.900000000000000133e-01 nan nan nan nan nan
9.000000000000000222e-01 nan nan nan nan nan
9.100000000000000311e-01 nan nan nan nan nan
9.200000000000000400e-01 nan nan nan nan nan
9.300000000000000488e-01 nan nan nan nan nan
9.400000000000000577e-01 nan nan nan nan nan
9.500000000000000666e-01 nan nan nan nan nan
9.599999999999999645e-01 nan nan nan nan nan
9.699999999999999734e-01 nan nan nan nan nan
9.799999999999999822e-01 nan nan nan nan nan
9.899999999999999911e-01 nan nan nan nan nan
1.000000000000000000e+00 nan nan nan nan nan
1.010000000000000009e+00 nan nan nan nan nan
1.020000000000000018e+00 nan nan nan nan nan
1.030000000000000027e+00 nan nan nan nan nan
1.040000000000000036e+00 nan nan nan nan nan
1.050000000000000044e+00 nan nan nan nan nan
1.060000000000000053e+00 nan nan nan nan nan
1.070000000000000062e+00 nan nan nan nan nan
1.080000000000000071e+00 nan nan nan nan nan
1.090000000000000080e+00 nan nan nan nan nan
1.100000000000000089e+00 nan nan nan nan nan
1.110000000000000098e+00 nan nan nan nan nan
1.120000000000000107e+00 nan nan nan nan nan
1.130000000000000115e+00 nan nan nan nan nan
1.140000000000000124e+00 nan nan nan nan nan
1.150000000000000133e+00 nan nan nan nan nan
1.159999999999999920e+00 nan nan nan nan nan
1.169999999999999929e+00 nan nan nan nan nan
1.179999999999999938e+00 nan nan nan nan nan
1.189999999999999947e+00 nan nan nan nan nan
1.199999999999999956e+00 nan nan nan nan nan
1.209999999999999964e+00 nan nan nan nan nan
1.219999999999999973e+00 nan nan nan nan nan
1.229999999999999982e+00 nan nan nan nan nan
1.239999999999999991e+00 nan nan nan nan nan
1.250000000000000000e+00 nan nan nan nan nan
1.260000000000000009e+00 nan nan nan nan nan
1.270000000000000018e+00 nan nan nan nan nan
1.280000000000000027e+00 nan nan nan nan nan
1.290000000000000036e+00 nan nan nan nan nan
1.300000000000000044e+00 nan nan nan nan nan
1.310000000000000053e+00 nan nan nan nan nan
1.320000000000000062e+00 nan nan nan nan nan
1.330000000000000071e+00 nan nan nan nan nan
1.340000000000000080e+00 nan nan nan nan nan
1.350000000000000089e+00 nan nan nan nan nan
1.360000000000000098e+00 nan nan nan nan nan
1.370000000000000107e+00 nan nan nan nan nan
1.380000000000000115e+00 nan nan nan nan nan
1.390000000000000124e+00 nan nan nan nan nan
1.400000000000000133e+00 nan nan nan nan nan
1.409999999999999920e+00 nan nan nan nan nan
1.419999999999999929e+00 nan nan nan nan nan
1.429999999999999938e+00 nan nan nan nan nan
1.439999999999999947e+00 nan nan nan nan nan
1.449999999999999956e+00 nan nan nan nan nan
1.459999999999999964e+00 nan nan nan nan nan
1.469999999999999973e+00 nan nan nan nan nan
1.479999999999999982e+00 nan nan nan nan nan
1.489999999999999991e+00 nan nan nan nan nan
1.500000000000000000e+00 nan nan nan nan nan
1.510000000000000009e+00 nan nan nan nan nan
1.520000000000000018e+00 nan nan nan nan nan
1.530000000000000027e+00 nan nan nan nan nan
1.540000000000000036e+00 nan nan nan nan nan
1.550000000000000044e+00 nan nan nan nan nan
1.560000000000000053e+00 nan nan nan nan nan
1.570000000000000062e+00 nan nan nan nan nan
1.580000000000000071e+00 nan nan nan nan nan
1.590000000000000080e+00 nan nan nan nan nan
1.600000000000000089e+00 nan nan nan nan nan
1.610000000000000098e+00 nan nan nan nan nan
1.620000000000000107e+00 nan nan nan nan nan
1.630000000000000115e+00 nan nan nan nan nan
1.640000000000000124e+00 nan nan nan nan nan
1.650000000000000133e+00 nan nan nan nan nan
1.660000000000000142e+00 nan nan nan nan nan
1.669999999999999929e+00 nan nan nan nan nan
1.679999999999999938e+00 nan nan nan nan nan
1.689999999999999947e+00 nan nan nan nan nan
1.699999999999999956e+00 nan nan nan nan nan
1.709999999999999964e+00 nan nan nan nan nan
1.719999999999999973e+00 nan nan nan nan nan
1.729999999999999982e+00 nan nan nan nan nan
1.739999999999999991e+00 nan nan nan nan nan
1.750000000000000000e+00 nan nan nan nan nan
1.760000000000000009e+00 nan nan nan nan nan
1.770000000000000018e+00 nan nan nan nan nan
1.780000000000000027e+00 nan nan nan nan nan
1.790000000000000036e+00 nan nan nan nan nan
1.800000000000000044e+00 nan nan nan nan nan
1.810000000000000053e+00 nan nan nan nan nan
1.820000000000000062e+00 nan nan nan nan nan
1.830000000000000071e+00 nan nan nan nan nan
1.840000000000000080e+00 nan nan nan nan nan
1.850000000000000089e+00 nan nan nan nan nan
1.860000000000000098e+00 nan nan nan nan nan
1.870000000000000107e+00 nan nan nan nan nan
1.880000000000000115e+00 nan nan nan nan nan
1.890000000000000124e+00 nan nan nan nan nan
1.900000000000000133e+00 nan nan nan nan nan
1.910000000000000142e+00 nan nan nan nan nan
1.919999999999999929e+00 nan nan nan nan nan
1.929999999999999938e+00 nan nan nan nan nan
1.939999999999999947e+00 nan nan nan nan nan
1.949999999999999956e+00 nan nan nan nan nan
1.959999999999999964e+00 nan nan nan nan nan
1.969999999999999973e+00 nan nan nan nan nan
1.979999999999999982e+00 nan nan nan nan nan
1.989999999999999991e+00 nan nan nan nan nan
2.000000000000000000e+00 nan nan nan nan nan
2.010000000000000231e+00 nan nan nan nan nan
2.020000000000000018e+00 nan nan nan nan nan
2.030000000000000249e+00 nan nan nan nan nan
2.040000000000000036e+00 nan nan nan nan nan
2.049999999999999822e+00 nan nan nan nan nan
2.060000000000000053e+00 nan nan nan nan nan
2.069999999999999840e+00 nan nan nan nan nan
2.080000000000000071e+00 nan nan nan nan nan
2.089999999999999858e+00 nan nan nan nan nan
2.100000000000000089e+00 nan nan nan nan nan
2.109999999999999876e+00 nan nan nan nan nan
2.120000000000000107e+00 nan nan nan nan nan
2.129999999999999893e+00 nan nan nan nan nan
2.140000000000000124e+00 nan nan nan nan nan
2.149999999999999911e+00 nan nan nan nan nan
2.160000000000000142e+00 nan nan nan nan nan
2.169999999999999929e+00 nan nan nan nan nan
2.180000000000000160e+00 nan nan nan nan nan
2.189999999999999947e+00 nan nan nan nan nan
2.200000000000000178e+00 nan nan nan nan nan
2.209999999999999964e+00 nan nan nan nan nan
2.220000000000000195e+00 nan nan nan nan nan
2.229999999999999982e+00 nan nan nan nan nan
2.240000000000000213e+00 nan nan nan nan nan
2.250000000000000000e+00 nan nan nan nan nan
2.260000000000000231e+00 nan nan nan nan nan
2.270000000000000018e+00 nan nan nan nan nan
2.280000000000000249e+00 nan nan nan nan nan
2.290000000000000036e+00 nan nan nan nan nan
2.300000000000000266e+00 nan nan nan nan nan
2.310000000000000053e+00 nan nan nan nan nan
2.319999999999999840e+00 nan nan nan nan nan
2.330000000000000071e+00 nan nan nan nan nan
2.339999999999999858e+00 nan nan nan nan nan
2.350000000000000089e+00 nan nan nan nan nan
2.359999999999999876e+00 nan nan nan nan nan
2.370000000000000107e+00 nan nan nan nan nan
2.379999999999999893e+00 nan nan nan nan nan
2.390000000000000124e+00 nan nan nan nan nan
2.399999999999999911e+00 nan nan nan nan nan
2.410000000000000142e+00 nan nan nan nan nan
2.419999999999999929e+00 nan nan nan nan nan
2.430000000000000160e+00 nan nan nan nan nan
2.439999999999999947e+00 nan nan nan nan nan
2.450000000000000178e+00 nan nan nan nan nan
2.459999999999999964e+00 nan nan nan nan nan
2.470000000000000195e+00 nan nan nan nan nan
2.479999999999999982e+00 nan nan nan nan nan
2.490000000000000213e+00 nan nan nan nan nan
2.500000000000000000e+00 nan nan nan nan nan
2.510000000000000231e+00 nan nan nan nan nan
2.520000000000000018e+00 nan nan nan nan nan
2.530000000000000249e+00 nan nan nan nan nan
2.540000000000000036e+00 nan nan nan nan nan
2.550000000000000266e+00 nan nan nan nan nan
2.560000000000000053e+00 nan nan nan nan nan
2.569999999999999840e+00 nan nan nan nan nan
2.580000000000000071e+00 nan nan nan nan nan
2.589999999999999858e+00 nan nan nan nan nan
2.600000000000000089e+00 nan nan nan nan nan
2.609999999999999876e+00 nan nan nan nan nan
2.620000000000000107e+00 nan nan nan nan nan
2.629999999999999893e+00 nan nan nan nan nan
2.640000000000000124e+00 nan nan nan nan nan
2.649999999999999911e+00 nan nan nan nan nan
2.660000000000000142e+00 nan nan nan nan nan
2.669999999999999929e+00 nan nan nan nan nan
2.680000000000000160e+00 nan nan nan nan nan
2.689999999999999947e+00 nan nan nan nan nan
2.700000000000000178e+00 nan nan nan nan nan
2.709999999999999964e+00 nan nan nan nan nan
2.720000000000000195e+00 nan nan nan nan nan
2.729999999999999982e+00 nan nan nan nan nan
2.740000000000000213e+00 nan nan nan nan nan
2.750000000000000000e+00 nan nan nan nan nan
2.760000000000000231e+00 nan nan nan nan nan
2.770000000000000018e+00 nan nan nan nan nan
2.780000000000000249e+00 nan nan nan nan nan
2.790000000000000036e+00 nan nan nan nan nan
2.800000000000000266e+00 nan nan nan nan nan
2.810000000000000053e+00 nan nan nan nan nan
2.819999999999999840e+00 nan nan nan nan nan
2.830000000000000071e+00 nan nan nan nan nan
2.839999999999999858e+00 nan nan nan nan nan
2.850000000000000089e+00 nan nan nan nan nan
2.859999999999999876e+00 nan nan nan nan nan
2.870000000000000107e+00 nan nan nan nan nan
2.879999999999999893e+00 nan nan nan nan nan
2.890000000000000124e+00 nan nan nan nan nan
2.899999999999999911e+00 nan nan nan nan nan
2.910000000000000142e+00 nan nan nan nan nan
2.919999999999999929e+00 nan nan nan nan nan
2.930000000000000160e+00 nan nan nan nan nan
2.939999999999999947e+00 nan nan nan nan nan
2.950000000000000178e+00 nan nan nan nan nan
2.959999999999999964e+00 nan nan nan nan nan
2.970000000000000195e+00 nan nan nan nan nan
2.979999999999999982e+00 nan nan nan nan nan
2.990000000000000213e+00 nan nan nan nan nan
3.000000000000000000e+00 nan nan nan nan nan
3.010000000000000231e+00 nan nan nan nan nan
3.020000000000000018e+00 nan nan nan nan nan
3.030000000000000249e+00 nan nan nan nan nan
3.040000000000000036e+00 nan nan nan nan nan
3.050000000000000266e+00 nan nan nan nan nan
3.060000000000000053e+00 nan nan nan nan nan
3.070000000000000284e+00 nan nan nan nan nan
3.080000000000000071e+00 nan nan nan nan nan
3.089999999999999858e+00 nan nan nan nan nan
3.100000000000000089e+00 nan nan nan nan nan
3.109999999999999876e+00 nan nan nan nan nan
3.120000000000000107e+00 nan nan nan nan nan
3.129999999999999893e+00 nan nan nan nan nan
3.140000000000000124e+00 nan nan nan nan nan
3.149999999999999911e+00 nan nan nan nan nan
3.160000000000000142e+00 nan nan nan nan nan
3.169999999999999929e+00 nan nan nan nan nan
3.180000000000000160e+00 nan nan nan nan nan
3.189999999999999947e+00 nan nan nan nan nan
3.200000000000000178e+00 nan nan nan nan nan
3.209999999999999964e+00 nan nan nan nan nan
3.220000000000000195e+00 nan nan nan nan nan
3.229999999999999982e+00 nan nan nan nan nan
3.240000000000000213e+00 nan nan nan nan nan
3.250000000000000000e+00 nan nan nan nan nan
3.260000000000000231e+00 nan nan nan nan nan
3.270000000000000018e+00 nan nan nan nan nan
3.280000000000000249e+00 nan nan nan nan nan
3.290000000000000036e+00 nan nan nan nan nan
3.300000000000000266e+00 nan nan nan nan nan
3.310000000000000053e+00 nan nan nan nan nan
3.320000000000000284e+00 nan nan nan nan nan
3.330000000000000071e+00 nan nan nan nan nan
3.339999999999999858e+00 nan nan nan nan nan
3.350000000000000089e+00 nan nan nan nan nan
3.359999999999999876e+00 nan nan nan nan nan
3.370000000000000107e+00 nan nan nan nan nan
3.379999999999999893e+00 nan nan nan nan nan
3.390000000000000124e+00 nan nan nan nan nan
3.399999999999999911e+00 nan nan nan nan nan
3.410000000000000142e+00 nan nan nan nan nan
3.419999999999999929e+00 nan nan nan nan nan
3.430000000000000160e+00 nan nan nan nan nan
3.439999999999999947e+00 nan nan nan nan nan
3.450000000000000178e+00 nan nan nan nan nan
3.459999999999999964e+00 nan nan nan nan nan
3.470000000000000195e+00 nan nan nan nan nan
3.479999999999999982e+00 nan nan nan nan nan
3.490000000000000213e+00 nan nan nan nan nan
3.500000000000000000e+00 nan nan nan nan nan
3.510000000000000231e+00 nan nan nan nan nan
3.520000000000000018e+00 nan nan nan nan nan
3.530000000000000249e+00 nan nan nan nan nan
3.540000000000000036e+00 nan nan nan nan nan
3.550000000000000266e+00 nan nan nan nan nan
3.560000000000000053e+00 nan nan nan nan nan
3.570000000000000284e+00 nan nan nan nan nan
3.580000000000000071e+00 nan nan nan nan nan
3.589999999999999858e+00 nan nan nan nan nan
3.600000000000000089e+00 nan nan nan nan nan
3.609999999999999876e+00 nan nan nan nan nan
3.620000000000000107e+00 nan nan nan nan nan
3.629999999999999893e+00 nan nan nan nan nan
3.640000000000000124e+00 nan nan nan nan nan
3.649999999999999911e+00 nan nan nan nan nan
3.660000000000000142e+00 nan nan nan nan nan
3.669999999999999929e+00 nan nan nan nan nan
3.680000000000000160e+00 nan nan nan nan nan
3.689999999999999947e+00 nan nan nan nan nan
3.700000000000000178e+00 nan nan nan nan nan
3.709999999999999964e+00 nan nan nan nan nan
3.720000000000000195e+00 nan nan nan nan nan
3.729999999999999982e+00 nan nan nan nan nan
3.740000000000000213e+00 nan nan nan nan nan
3.750000000000000000e+00 nan nan nan nan nan
3.760000000000000231e+00 nan nan nan nan nan
3.770000000000000018e+00 nan nan nan nan nan
3.780000000000000249e+00 nan nan nan nan nan
3.790000000000000036e+00 nan nan nan nan nan
3.800000000000000266e+00 nan nan nan nan nan
3.810000000000000053e+00 nan nan nan nan nan
3.820000000000000284e+00 nan nan nan nan nan
3.830000000000000071e+00 nan nan nan nan nan
3.839999999999999858e+00 nan nan nan nan nan
3.850000000000000089e+00 nan nan nan nan nan
3.859999999999999876e+00 nan nan nan nan nan
3.870000000000000107e+00 nan nan nan nan nan
3.879999999999999893e+00 nan nan nan nan nan
3.890000000000000124e+00 nan nan nan nan nan
3.899999999999999911e+00 nan nan nan nan nan
3.910000000000000142e+00 nan nan nan nan nan
3.919999999999999929e+00 nan nan nan nan nan
3.930000000000000160e+00 nan nan nan nan nan
3.939999999999999947e+00 nan nan nan nan nan
3.950000000000000178e+00 nan nan nan nan nan
3.959999999999999964e+00 nan nan nan nan nan
3.970000000000000195e+00 nan nan nan nan nan
3.979999999999999982e+00 nan nan nan nan nan
3.990000000000000213e+00 nan nan nan nan nan
4.000000000000000000e+00 nan nan nan nan nan
4.009999999999999787e+00 nan nan nan nan nan
4.020000000000000462e+00 nan nan nan nan nan
4.030000000000000249e+00 nan nan nan nan nan
4.040000000000000036e+00 nan nan nan nan nan
4.049999999999999822e+00 nan nan nan nan nan
4.060000000000000497e+00 nan nan nan nan nan
4.070000000000000284e+00 nan nan nan nan nan
4.080000000000000071e+00 nan nan nan nan nan
4.089999999999999858e+00 nan nan nan nan nan
4.099999999999999645e+00 nan nan nan nan nan
4.110000000000000320e+00 nan nan nan nan nan
4.120000000000000107e+00 nan nan nan nan nan
4.129999999999999893e+00 nan nan nan nan nan
4.139999999999999680e+00 nan nan nan nan nan
4.150000000000000355e+00 nan nan nan nan nan
4.160000000000000142e+00 nan nan nan nan nan
4.169999999999999929e+00 nan nan nan nan nan
4.179999999999999716e+00 nan nan nan nan nan
4.190000000000000391e+00 nan nan nan nan nan
4.200000000000000178e+00 nan nan nan nan nan
4.209999999999999964e+00 nan nan nan nan nan
4.219999999999999751e+00 nan nan nan nan nan
4.230000000000000426e+00 nan nan nan nan nan
4.240000000000000213e+00 nan nan nan nan nan
4.250000000000000000e+00 nan nan nan nan nan
4.259999999999999787e+00 nan nan nan nan nan
4.270000000000000462e+00 nan nan nan nan nan
4.280000000000000249e+00 nan nan nan nan nan
4.290000000000000036e+00 nan nan nan nan nan
4.299999999999999822e+00 nan nan nan nan nan
4.310000000000000497e+00 nan nan nan nan nan
4.320000000000000284e+00 nan nan nan nan nan
4.330000000000000071e+00 nan nan nan nan nan
4.339999999999999858e+00 nan nan nan nan nan
4.350000000000000533e+00 nan nan nan nan nan
4.360000000000000320e+00 nan nan nan nan nan
4.370000000000000107e+00 nan nan nan nan nan
4.379999999999999893e+00 nan nan nan nan nan
4.389999999999999680e+00 nan nan nan nan nan
4.400000000000000355e+00 nan nan nan nan nan
4.410000000000000142e+00 nan nan nan nan nan
4.419999999999999929e+00 nan nan nan nan nan
4.429999999999999716e+00 nan nan nan nan nan
4.440000000000000391e+00 nan nan nan nan nan
4.450000000000000178e+00 nan nan nan nan nan
4.459999999999999964e+00 nan nan nan nan nan
4.469999999999999751e+00 nan nan nan nan nan
4.480000000000000426e+00 nan nan nan nan nan
4.490000000000000213e+00 nan nan nan nan nan
4.500000000000000000e+00 nan nan nan nan nan
4.509999999999999787e+00 nan nan nan nan nan
4.520000000000000462e+00 nan nan nan nan nan
4.530000000000000249e+00 nan nan nan nan nan
4.540000000000000036e+00 nan nan nan nan nan
4.549999999999999822e+00 nan nan nan nan nan
4.560000000000000497e+00 nan nan nan nan nan
4.570000000000000284e+00 nan nan nan nan nan
4.580000000000000071e+00 nan nan nan nan nan
4.589999999999999858e+00 nan nan nan nan nan
4.600000000000000533e+00 nan nan nan nan nan
4.610000000000000320e+00 nan nan nan nan nan
4.620000000000000107e+00 nan nan nan nan nan
4.629999999999999893e+00 nan nan nan nan nan
4.639999999999999680e+00 nan nan nan nan nan
4.650000000000000355e+00 nan nan nan nan nan
4.660000000000000142e+00 nan nan nan nan nan
4.669999999999999929e+00 nan nan nan nan nan
4.679999999999999716e+00 nan nan nan nan nan
4.690000000000000391e+00 nan nan nan nan nan
4.700000000000000178e+00 nan nan nan nan nan
4.709999999999999964e+00 nan nan nan nan nan
4.719999999999999751e+00 nan nan nan nan nan
4.730000000000000426e+00 nan nan nan nan nan
4.740000000000000213e+00 nan nan nan nan nan
4.750000000000000000e+00 nan nan nan nan nan
4.759999999999999787e+00 nan nan nan nan nan
4.770000000000000462e+00 nan nan nan nan nan
4.780000000000000249e+00 nan nan nan nan nan
4.790000000000000036e+00 nan nan nan nan nan
4.799999999999999822e+00 nan nan nan nan nan
4.810000000000000497e+00 nan nan nan nan nan
4.820000000000000284e+00 nan nan nan nan nan
4.830000000000000071e+00 nan nan nan nan nan
4.839999999999999858e+00 nan nan nan nan nan
4.850000000000000533e+00 nan nan nan nan nan
4.860000000000000320e+00 nan nan nan nan nan
4.870000000000000107e+00 nan nan nan nan nan
4.879999999999999893e+00 nan nan nan nan nan
4.889999999999999680e+00 nan nan nan nan nan
4.900000000000000355e+00 nan nan nan nan nan
4.910000000000000142e+00 nan nan nan nan nan
4.919999999999999929e+00 nan nan nan nan nan
4.929999999999999716e+00 nan nan nan nan nan
4.940000000000000391e+00 nan nan nan nan nan
4.950000000000000178e+00 nan nan nan nan nan
4.959999999999999964e+00 nan nan nan nan nan
4.969999999999999751e+00 nan nan nan nan nan
4.980000000000000426e+00 nan nan nan nan nan
4.990000000000000213e+00 nan nan nan nan nan
5.000000000000000000e+00 nan nan nan nan nan
5.009999999999999787e+00 nan nan nan nan nan
5.020000000000000462e+00 nan nan nan nan nan
5.030000000000000249e+00 nan nan nan nan nan
5.040000000000000036e+00 nan nan nan nan nan
5.049999999999999822e+00 nan nan nan nan nan
5.060000000000000497e+00 nan nan nan nan nan
5.070000000000000284e+00 nan nan nan nan nan
5.080000000000000071e+00 nan nan nan nan nan
5.089999999999999858e+00 nan nan nan nan nan
5.100000000000000533e+00 nan nan nan nan nan
5.110000000000000320e+00 nan nan nan nan nan
5.120000000000000107e+00 nan nan nan nan nan
5.129999999999999893e+00 nan nan nan nan nan
5.139999999999999680e+00 nan nan nan nan nan
5.150000000000000355e+00 nan nan nan nan nan
5.160000000000000142e+00 nan nan nan nan nan
5.169999999999999929e+00 nan nan nan nan nan
5.179999999999999716e+00 nan nan nan nan nan
5.190000000000000391e+00 nan nan nan nan nan
5.200000000000000178e+00 nan nan nan nan nan
5.209999999999999964e+00 nan nan nan nan nan
5.219999999999999751e+00 nan nan nan nan nan
5.230000000000000426e+00 nan nan nan nan nan
5.240000000000000213e+00 nan nan nan nan nan
5.250000000000000000e+00 nan nan nan nan nan
5.259999999999999787e+00 nan nan nan nan nan
5.270000000000000462e+00 nan nan nan nan nan
5.280000000000000249e+00 nan nan nan nan nan
5.290000000000000036e+00 nan nan nan nan nan
5.299999999999999822e+00 nan nan nan nan nan
5.310000000000000497e+00 nan nan nan nan nan
5.320000000000000284e+00 nan nan nan nan nan
5.330000000000000071e+00 nan nan nan nan nan
5.339999999999999858e+00 nan nan nan nan nan
5.350000000000000533e+00 nan nan nan nan nan
5.360000000000000320e+00 nan nan nan nan nan
5.370000000000000107e+00 nan nan nan nan nan
5.379999999999999893e+00 nan nan nan nan nan
5.389999999999999680e+00 nan nan nan nan nan
5.400000000000000355e+00 nan nan nan nan nan
5.410000000000000142e+00 nan nan nan nan nan
5.419999999999999929e+00 nan nan nan nan nan
5.429999999999999716e+00 nan nan nan nan nan
5.440000000000000391e+00 nan nan nan nan nan
5.450000000000000178e+00 nan nan nan nan nan
5.459999999999999964e+00 nan nan nan nan nan
5.469999999999999751e+00 nan nan nan nan nan
5.480000000000000426e+00 nan nan nan nan nan
5.490000000000000213e+00 nan nan nan nan nan
5.500000000000000000e+00 nan nan nan nan nan
5.509999999999999787e+00 nan nan nan nan nan
5.520000000000000462e+00 nan nan nan nan nan
5.530000000000000249e+00 nan nan nan nan nan
5.540000000000000036e+00 nan nan nan nan nan
5.549999999999999822e+00 nan nan nan nan nan
5.560000000000000497e+00 nan nan nan nan nan
5.570000000000000284e+00 nan nan nan nan nan
5.580000000000000071e+00 nan nan nan nan nan
5.589999999999999858e+00 nan nan nan nan nan
5.600000000000000533e+00 nan nan nan nan nan
5.610000000000000320e+00 nan nan nan nan nan
5.620000000000000107e+00 nan nan nan nan nan
5.629999999999999893e+00 nan nan nan nan nan
5.639999999999999680e+00 nan nan nan nan nan
5.650000000000000355e+00 nan nan nan nan nan
5.660000000000000142e+00 nan nan nan nan nan
5.669999999999999929e+00 nan nan nan nan nan
5.679999999999999716e+00 nan nan nan nan nan
5.690000000000000391e+00 nan nan nan nan nan
5.700000000000000178e+00 nan nan nan nan nan
5.709999999999999964e+00 nan nan nan nan nan
5.719999999999999751e+00 nan nan nan nan nan
5.730000000000000426e+00 nan nan nan nan nan
5.740000000000000213e+00 nan nan nan nan nan
5.750000000000000000e+00 nan nan nan nan nan
5.759999999999999787e+00 nan nan nan nan nan
5.770000000000000462e+00 nan nan nan nan nan
5.780000000000000249e+00 nan nan nan nan nan
5.790000000000000036e+00 nan nan nan nan nan
5.799999999999999822e+00 nan nan nan nan nan
5.810000000000000497e+00 nan nan nan nan nan
5.820000000000000284e+00 nan nan nan nan nan
5.830000000000000071e+00 nan nan nan nan nan
5.839999999999999858e+00 nan nan nan nan nan
5.850000000000000533e+00 nan nan nan nan nan
5.860000000000000320e+00 nan nan nan nan nan
5.870000000000000107e+00 nan nan nan nan nan
5.879999999999999893e+00 nan nan nan nan nan
5.889999999999999680e+00 nan nan nan nan nan
5.900000000000000355e+00 nan nan nan nan nan
5.910000000000000142e+00 nan nan nan nan nan
5.919999999999999929e+00 nan nan nan nan nan
5.929999999999999716e+00 nan nan nan nan nan
5.940000000000000391e+00 nan nan nan nan nan
5.950000000000000178e+00 nan nan nan nan nan
5.959999999999999964e+00 nan nan nan nan nan
5.969999999999999751e+00 nan nan nan nan nan
5.980000000000000426e+00 nan nan nan nan nan
5.990000000000000213e+00 nan nan nan nan nan
6.000000000000000000e+00 nan nan nan nan nan
6.009999999999999787e+00 nan nan nan nan nan
6.020000000000000462e+00 nan nan nan nan nan
6.030000000000000249e+00 nan nan nan nan nan
6.040000000000000036e+00 nan nan nan nan nan
6.049999999999999822e+00 nan nan nan nan nan
6.060000000000000497e+00 nan nan nan nan nan
6.070000000000000284e+00 nan nan nan nan nan
6.080000000000000071e+00 nan nan nan nan nan
6.089999999999999858e+00 nan nan nan nan nan
6.100000000000000533e+00 nan nan nan nan nan
6.110000000000000320e+00 nan nan nan nan nan
6.120000000000000107e+00 nan nan nan nan nan
6.129999999999999893e+00 nan nan nan nan nan
6.140000000000000568e+00 nan nan nan nan nan
6.150000000000000355e+00 nan nan nan nan nan
6.160000000000000142e+00 nan nan nan nan nan
6.169999999999999929e+00 nan nan nan nan nan
6.179999999999999716e+00 nan nan nan nan nan
6.190000000000000391e+00 nan nan nan nan nan
6.200000000000000178e+00 nan nan nan nan nan
6.209999999999999964e+00 nan nan nan nan nan
6.219999999999999751e+00 nan nan nan nan nan
6.230000000000000426e+00 nan nan nan nan nan
6.240000000000000213e+00 nan nan nan nan nan
6.250000000000000000e+00 nan nan nan nan nan
6.259999999999999787e+00 nan nan nan nan nan
6.270000000000000462e+00 nan nan nan nan nan
6.280000000000000249e+00 nan nan nan nan nan
6.290000000000000036e+00 nan nan nan nan nan
6.299999999999999822e+00 nan nan nan nan nan
6.310000000000000497e+00 nan nan nan nan nan
6.320000000000000284e+00 nan nan nan nan nan
6.330000000000000071e+00 nan nan nan nan nan
6.339999999999999858e+00 nan nan nan nan nan
6.350000000000000533e+00 nan nan nan nan nan
6.360000000000000320e+00 nan nan nan nan nan
6.370000000000000107e+00 nan nan nan nan nan
6.379999999999999893e+00 nan nan nan nan nan
6.390000000000000568e+00 nan nan nan nan nan
6.400000000000000355e+00 nan nan nan nan nan
6.410000000000000142e+00 nan nan nan nan nan
6.419999999999999929e+00 nan nan nan nan nan
6.429999999999999716e+00 nan nan nan nan nan
6.440000000000000391e+00 nan nan nan nan nan
6.450000000000000178e+00 nan nan nan nan nan
6.459999999999999964e+00 nan nan nan nan nan
6.469999999999999751e+00 nan nan nan nan nan
6.480000000000000426e+00 nan nan nan nan nan
6.490000000000000213e+00 nan nan nan nan nan
6.500000000000000000e+00 nan nan nan nan nan
6.509999999999999787e+00 nan nan nan nan nan
6.520000000000000462e+00 nan nan nan nan nan
6.530000000000000249e+00 nan nan nan nan nan
6.540000000000000036e+00 nan nan nan nan nan
6.549999999999999822e+00 nan nan nan nan nan
6.560000000000000497e+00 nan nan nan nan nan
6.570000000000000284e+00 nan nan nan nan nan
6.580000000000000071e+00 nan nan nan nan nan
6.589999999999999858e+00 nan nan nan nan nan
6.600000000000000533e+00 nan nan nan nan nan
6.610000000000000320e+00 nan nan nan nan nan
6.620000000000000107e+00 nan nan nan nan nan
6.629999999999999893e+00 nan nan nan nan nan
6.640000000000000568e+00 nan nan nan nan nan
6.650000000000000355e+00 nan nan nan nan nan
6.660000000000000142e+00 nan nan nan nan nan
6.669999999999999929e+00 nan nan nan nan nan
6.679999999999999716e+00 nan nan nan nan nan
6.690000000000000391e+00 nan nan nan nan nan
6.700000000000000178e+00 nan nan nan nan nan
6.709999999999999964e+00 nan nan nan nan nan
6.719999999999999751e+00 nan nan nan nan nan
6.730000000000000426e+00 nan nan nan nan nan
6.740000000000000213e+00 nan nan nan nan nan
6.750000000000000000e+00 nan nan nan nan nan
6.759999999999999787e+00 nan nan nan nan nan
6.770000000000000462e+00 nan nan nan nan nan
6.780000000000000249e+00 nan nan nan nan nan
6.790000000000000036e+00 nan nan nan nan nan
6.799999999999999822e+00 nan nan nan nan nan
6.810000000000000497e+00 nan nan nan nan nan
6.820000000000000284e+00 nan nan nan nan nan
6.830000000000000071e+00 nan nan nan nan nan
6.839999999999999858e+00 nan nan nan nan nan
6.850000000000000533e+00 nan nan nan nan nan
6.860000000000000320e+00 nan nan nan nan nan
6.870000000000000107e+00 nan nan nan nan nan
6.879999999999999893e+00 nan nan nan nan nan
6.890000000000000568e+00 nan nan nan nan nan
6.900000000000000355e+00 nan nan nan nan nan
6.910000000000000142e+00 nan nan nan nan nan
6.919999999999999929e+00 nan nan nan nan nan
6.929999999999999716e+00 nan nan nan nan nan
6.940000000000000391e+00 nan nan nan nan nan
6.950000000000000178e+00 nan nan nan nan nan
6.959999999999999964e+00 nan nan nan nan nan
6.969999999999999751e+00 nan nan nan nan nan
6.980000000000000426e+00 nan nan nan nan nan
6.990000000000000213e+00 nan nan nan nan nan
7.000000000000000000e+00 nan nan nan nan nan
7.009999999999999787e+00 nan nan nan nan nan
7.020000000000000462e+00 nan nan nan nan nan
7.030000000000000249e+00 nan nan nan nan nan
7.040000000000000036e+00 nan nan nan nan nan
7.049999999999999822e+00 nan nan nan nan nan
7.060000000000000497e+00 nan nan nan nan nan
7.070000000000000284e+00 nan nan nan nan nan
7.080000000000000071e+00 nan nan nan nan nan
7.089999999999999858e+00 nan nan nan nan nan
7.100000000000000533e+00 nan nan nan nan nan
7.110000000000000320e+00 nan nan nan nan nan
7.120000000000000107e+00 nan nan nan nan nan
7.129999999999999893e+00 nan nan nan nan nan
7.140000000000000568e+00 nan nan nan nan nan
7.150000000000000355e+00 nan nan nan nan nan
7.160000000000000142e+00 nan nan nan nan nan
7.169999999999999929e+00 nan nan nan nan nan
7.179999999999999716e+00 nan nan nan nan nan
7.190000000000000391e+00 nan nan nan nan nan
7.200000000000000178e+00 nan nan nan nan nan
7.209999999999999964e+00 nan nan nan nan nan
7.219999999999999751e+00 nan nan nan nan nan
7.230000000000000426e+00 nan nan nan nan nan
7.240000000000000213e+00 nan nan nan nan nan
7.250000000000000000e+00 nan nan nan nan nan
7.259999999999999787e+00 nan nan nan nan nan
7.270000000000000462e+00 nan nan nan nan nan
7.280000000000000249e+00 nan nan nan nan nan
7.290000000000000036e+00 nan nan nan nan nan
7.299999999999999822e+00 nan nan nan nan nan
7.310000000000000497e+00 nan nan nan nan nan
7.320000000000000284e+00 nan nan nan nan nan
7.330000000000000071e+00 nan nan nan nan nan
7.339999999999999858e+00 nan nan nan nan nan
7.350000000000000533e+00 nan nan nan nan nan
7.360000000000000320e+00 nan nan nan nan nan
7.370000000000000107e+00 nan nan nan nan nan
7.379999999999999893e+00 nan nan nan nan nan
7.390000000000000568e+00 nan nan nan nan nan
7.400000000000000355e+00 nan nan nan nan nan
7.410000000000000142e+00 nan nan nan nan nan
7.419999999999999929e+00 nan nan nan nan nan
7.429999999999999716e+00 nan nan nan nan nan
7.440000000000000391e+00 nan nan nan nan nan
7.450000000000000178e+00 nan nan nan nan nan
7.459999999999999964e+00 nan nan nan nan nan
7.469999999999999751e+00 nan nan nan nan nan
7.480000000000000426e+00 nan nan nan nan nan
7.490000000000000213e+00 nan nan nan nan nan
7.500000000000000000e+00 nan nan nan nan nan
7.509999999999999787e+00 nan nan nan nan nan
7.520000000000000462e+00 nan nan nan nan nan
7.530000000000000249e+00 nan nan nan nan nan
7.540000000000000036e+00 nan nan nan nan nan
7.549999999999999822e+00 nan nan nan nan nan
7.560000000000000497e+00 nan nan nan nan nan
7.570000000000000284e+00 nan nan nan nan nan
7.580000000000000071e+00 nan nan nan nan nan
7.589999999999999858e+00 nan nan nan nan nan
7.600000000000000533e+00 nan nan nan nan nan
7.610000000000000320e+00 nan nan nan nan nan
7.620000000000000107e+00 nan nan nan nan nan
7.629999999999999893e+00 nan nan nan nan nan
7.640000000000000568e+00 nan nan nan nan nan
7.650000000000000355e+00 nan nan nan nan nan
7.660000000000000142e+00 nan nan nan nan nan
7.669999999999999929e+00 nan nan nan nan nan
7.679999999999999716e+00 nan nan nan nan nan
7.690000000000000391e+00 nan nan nan nan nan
7.700000000000000178e+00 nan nan nan nan nan
7.709999999999999964e+00 nan nan nan nan nan
7.719999999999999751e+00 nan nan nan nan nan
7.730000000000000426e+00 nan nan nan nan nan
7.740000000000000213e+00 nan nan nan nan nan
7.750000000000000000e+00 nan nan nan nan nan
7.759999999999999787e+00 nan nan nan nan nan
7.770000000000000462e+00 nan nan nan nan nan
7.780000000000000249e+00 nan nan nan nan nan
7.790000000000000036e+00 nan nan nan nan nan
7.799999999999999822e+00 nan nan nan nan nan
7.810000000000000497e+00 nan nan nan nan nan
7.820000000000000284e+00 nan nan nan nan nan
7.830000000000000071e+00 nan nan nan nan nan
7.839999999999999858e+00 nan nan nan nan nan
7.850000000000000533e+00 nan nan nan nan nan
7.860000000000000320e+00 nan nan nan nan nan
7.870000000000000107e+00 nan nan nan nan nan
7.879999999999999893e+00 nan nan nan nan nan
7.890000000000000568e+00 nan nan nan nan nan
7.900000000000000355e+00 nan nan nan nan nan
7.910000000000000142e+00 nan nan nan nan nan
7.919999999999999929e+00 nan nan nan nan nan
7.930000000000000604e+00 nan nan nan nan nan
7.940000000000000391e+00 nan nan nan nan nan
7.950000000000000178e+00 nan nan nan nan nan
7.959999999999999964e+00 nan nan nan nan nan
7.969999999999999751e+00 nan nan nan nan nan
7.980000000000000426e+00 nan nan nan nan nan
7.990000000000000213e+00 nan nan nan nan nan
8.000000000000000000e+00 nan nan nan nan nan
8.009999999999999787e+00 nan nan nan nan nan
8.019999999999999574e+00 nan nan nan nan nan
8.029999999999999361e+00 nan nan nan nan nan
8.040000000000000924e+00 nan nan nan nan nan
8.050000000000000711e+00 nan nan nan nan nan
8.060000000000000497e+00 nan nan nan nan nan
8.070000000000000284e+00 nan nan nan nan nan
8.080000000000000071e+00 nan nan nan nan nan
8.089999999999999858e+00 nan nan nan nan nan
8.099999999999999645e+00 nan nan nan nan nan
8.109999999999999432e+00 nan nan nan nan nan
8.120000000000000995e+00 nan nan nan nan nan
8.130000000000000782e+00 nan nan nan nan nan
8.140000000000000568e+00 nan nan nan nan nan
8.150000000000000355e+00 nan nan nan nan nan
8.160000000000000142e+00 nan nan nan nan nan
8.169999999999999929e+00 nan nan nan nan nan
8.179999999999999716e+00 nan nan nan nan nan
8.189999999999999503e+00 nan nan nan nan nan
8.199999999999999289e+00 nan nan nan nan nan
8.210000000000000853e+00 nan nan nan nan nan
8.220000000000000639e+00 nan nan nan nan nan
8.230000000000000426e+00 nan nan nan nan nan
8.240000000000000213e+00 nan nan nan nan nan
8.250000000000000000e+00 nan nan nan nan nan
8.259999999999999787e+00 nan nan nan nan nan
8.269999999999999574e+00 nan nan nan nan nan
8.279999999999999361e+00 nan nan nan nan nan
8.290000000000000924e+00 nan nan nan nan nan
8.300000000000000711e+00 nan nan nan nan nan
8.310000000000000497e+00 nan nan nan nan nan
8.320000000000000284e+00 nan nan nan nan nan
8.330000000000000071e+00 nan nan nan nan nan
8.339999999999999858e+00 nan nan nan nan nan
8.349999999999999645e+00 nan nan nan nan nan
8.359999999999999432e+00 nan nan nan nan nan
8.370000000000000995e+00 nan nan nan nan nan
8.380000000000000782e+00 nan nan nan nan nan
8.390000000000000568e+00 nan nan nan nan nan
8.400000000000000355e+00 nan nan nan nan nan
8.410000000000000142e+00 nan nan nan nan nan
8.419999999999999929e+00 nan nan nan nan nan
8.429999999999999716e+00 nan nan nan nan nan
8.439999999999999503e+00 nan nan nan nan nan
8.449999999999999289e+00 nan nan nan nan nan
8.460000000000000853e+00 nan nan nan nan nan
8.470000000000000639e+00 nan nan nan nan nan
8.480000000000000426e+00 nan nan nan nan nan
8.490000000000000213e+00 nan nan nan nan nan
8.500000000000000000e+00 nan nan nan nan nan
8.509999999999999787e+00 nan nan nan nan nan
8.519999999999999574e+00 nan nan nan nan nan
8.529999999999999361e+00 nan nan nan nan nan
8.540000000000000924e+00 nan nan nan nan nan
8.550000000000000711e+00 nan nan nan nan nan
8.560000000000000497e+00 nan nan nan nan nan
8.570000000000000284e+00 nan nan nan nan nan
8.580000000000000071e+00 nan nan nan nan nan
8.589999999999999858e+00 nan nan nan nan nan
8.599999999999999645e+00 nan nan nan nan nan
8.609999999999999432e+00 nan nan nan nan nan
8.620000000000000995e+00 nan nan nan nan nan
8.630000000000000782e+00 nan nan nan nan nan
8.640000000000000568e+00 nan nan nan nan nan
8.650000000000000355e+00 nan nan nan nan nan
8.660000000000000142e+00 nan nan nan nan nan
8.669999999999999929e+00 nan nan nan nan nan
8.679999999999999716e+00 nan nan nan nan nan
8.689999999999999503e+00 nan nan nan nan nan
8.700000000000001066e+00 nan nan nan nan nan
8.710000000000000853e+00 nan nan nan nan nan
8.720000000000000639e+00 nan nan nan nan nan
8.730000000000000426e+00 nan nan nan nan nan
8.740000000000000213e+00 nan nan nan nan nan
8.750000000000000000e+00 nan nan nan nan nan
8.759999999999999787e+00 nan nan nan nan nan
8.769999999999999574e+00 nan nan nan nan nan
8.779999999999999361e+00 nan nan nan nan nan
8.790000000000000924e+00 nan nan nan nan nan
8.800000000000000711e+00 nan nan nan nan nan
8.810000000000000497e+00 nan nan nan nan nan
8.820000000000000284e+00 nan nan nan nan nan
8.830000000000000071e+00 nan nan nan nan nan
8.839999999999999858e+00 nan nan nan nan nan
8.849999999999999645e+00 nan nan nan nan nan
8.859999999999999432e+00 nan nan nan nan nan
8.870000000000000995e+00 nan nan nan nan nan
8.880000000000000782e+00 nan nan nan nan nan
8.890000000000000568e+00 nan nan nan nan nan
8.900000000000000355e+00 nan nan nan nan nan
8.910000000000000142e+00 nan nan nan nan nan
8.919999999999999929e+00 nan nan nan nan nan
8.929999999999999716e+00 nan nan nan nan nan
8.939999999999999503e+00 nan nan nan nan nan
8.950000000000001066e+00 nan nan nan nan nan
8.960000000000000853e+00 nan nan nan nan nan
8.970000000000000639e+00 nan nan nan nan nan
8.980000000000000426e+00 nan nan nan nan nan
8.990000000000000213e+00 nan nan nan nan nan
9.000000000000000000e+00 nan nan nan nan nan
9.009999999999999787e+00 nan nan nan nan nan
9.019999999999999574e+00 nan nan nan nan nan
9.029999999999999361e+00 nan nan nan nan nan
9.040000000000000924e+00 nan nan nan nan nan
9.050000000000000711e+00 nan nan nan nan nan
9.060000000000000497e+00 nan nan nan nan nan
9.070000000000000284e+00 nan nan nan nan nan
9.080000000000000071e+00 nan nan nan nan nan
9.089999999999999858e+00 nan nan nan nan nan
9.099999999999999645e+00 nan nan nan nan nan
9.109999999999999432e+00 nan nan nan nan nan
9.120000000000000995e+00 nan nan nan nan nan
9.130000000000000782e+00 nan nan nan nan nan
9.140000000000000568e+00 nan nan nan nan nan
9.150000000000000355e+00 nan nan nan nan nan
9.160000000000000142e+00 nan nan nan nan nan
9.169999999999999929e+00 nan nan nan nan nan
9.179999999999999716e+00 nan nan nan nan nan
9.189999999999999503e+00 nan nan nan nan nan
9.200000000000001066e+00 nan nan nan nan nan
9.210000000000000853e+00 nan nan nan nan nan
9.220000000000000639e+00 nan nan nan nan nan
9.230000000000000426e+00 nan nan nan nan nan
9.240000000000000213e+00 nan nan nan nan nan
9.250000000000000000e+00 nan nan nan nan nan
9.259999999999999787e+00 nan nan nan nan nan
9.269999999999999574e+00 nan nan nan nan nan
9.279999999999999361e+00 nan nan nan nan nan
9.290000000000000924e+00 nan nan nan nan nan
9.300000000000000711e+00 nan nan nan nan nan
9.310000000000000497e+00 nan nan nan nan nan
9.320000000000000284e+00 nan nan nan nan nan
9.330000000000000071e+00 nan nan nan nan nan
9.339999999999999858e+00 nan nan nan nan nan
9.349999999999999645e+00 nan nan nan nan nan
9.359999999999999432e+00 nan nan nan nan nan
9.370000000000000995e+00 nan nan nan nan nan
9.380000000000000782e+00 nan nan nan nan nan
9.390000000000000568e+00 nan nan nan nan nan
9.400000000000000355e+00 nan nan nan nan nan
9.410000000000000142e+00 nan nan nan nan nan
9.419999999999999929e+00 nan nan nan nan nan
9.429999999999999716e+00 nan nan nan nan nan
9.439999999999999503e+00 nan nan nan nan nan
9.450000000000001066e+00 nan nan nan nan nan
9.460000000000000853e+00 nan nan nan nan nan
9.470000000000000639e+00 nan nan nan nan nan
9.480000000000000426e+00 nan nan nan nan nan
9.490000000000000213e+00 nan nan nan nan nan
9.500000000000000000e+00 nan nan nan nan nan
9.509999999999999787e+00 nan nan nan nan nan
9.519999999999999574e+00 nan nan nan nan nan
9.529999999999999361e+00 nan nan nan nan nan
9.540000000000000924e+00 nan nan nan nan nan
9.550000000000000711e+00 nan nan nan nan nan
9.560000000000000497e+00 nan nan nan nan nan
9.570000000000000284e+00 nan nan nan nan nan
9.580000000000000071e+00 nan nan nan nan nan
9.589999999999999858e+00 nan nan nan nan nan
9.599999999999999645e+00 nan nan nan nan nan
9.609999999999999432e+00 nan nan nan nan nan
9.620000000000000995e+00 nan nan nan nan nan
9.630000000000000782e+00 nan nan nan nan nan
9.640000000000000568e+00 nan nan nan nan nan
9.650000000000000355e+00 nan nan nan nan nan
9.660000000000000142e+00 nan nan nan nan nan
9.669999999999999929e+00 nan nan nan nan nan
9.679999999999999716e+00 nan nan nan nan nan
9.689999999999999503e+00 nan nan nan nan nan
9.700000000000001066e+00 nan nan nan nan nan
9.710000000000000853e+00 nan nan nan nan nan
9.720000000000000639e+00 nan nan nan nan nan
9.730000000000000426e+00 nan nan nan nan nan
9.740000000000000213e+00 nan nan nan nan nan
9.750000000000000000e+00 nan nan nan nan nan
9.759999999999999787e+00 nan nan nan nan nan
9.769999999999999574e+00 nan nan nan nan nan
9.779999999999999361e+00 nan nan nan nan nan
9.790000000000000924e+00 nan nan nan nan nan
9.800000000000000711e+00 nan nan nan nan nan
9.810000000000000497e+00 nan nan nan nan nan
9.820000000000000284e+00 nan nan nan nan nan
9.830000000000000071e+00 nan nan nan nan nan
9.839999999999999858e+00 nan nan nan nan nan
9.849999999999999645e+00 nan nan nan nan nan
9.859999999999999432e+00 nan nan nan nan nan
9.870000000000000995e+00 nan nan nan nan nan
9.880000000000000782e+00 nan nan nan nan nan
9.890000000000000568e+00 nan nan nan nan nan
9.900000000000000355e+00 nan nan nan nan nan
9.910000000000000142e+00 nan nan nan nan nan
9.919999999999999929e+00 nan nan nan nan nan
9.929999999999999716e+00 nan nan nan nan nan
9.939999999999999503e+00 nan nan nan nan nan
9.950000000000001066e+00 nan nan nan nan nan
9.960000000000000853e+00 nan nan nan nan nan
9.970000000000000639e+00 nan nan nan nan nan
9.980000000000000426e+00 nan nan nan nan nan
9.990000000000000213e+00 nan nan nan nan nan
