 t x
   0.0000000000000000        1.0000000000000000     
   1.0000000000000000E-002  0.99019925104166695     
   2.0000000000000000E-002  0.98078103247749182     
   2.9999999999999999E-002  0.97172918278138165     
   4.0000000000000001E-002  0.96302862517544385     
   5.0000000000000003E-002  0.95466527282271096     
   6.0000000000000005E-002  0.94662594379099640     
   7.0000000000000007E-002  0.93889828461941349     
   8.0000000000000002E-002  0.93147070147751909     
   8.9999999999999997E-002  0.92433229804156725     
   9.9999999999999992E-002  0.91747281932693825     
  0.10999999999999999       0.91088260081369121     
  0.11999999999999998       0.90455252228605010     
  0.12999999999999998       0.89847396587867523     
  0.13999999999999999       0.89263877788463053     
  0.14999999999999999       0.88703923393355488     
  0.16000000000000000       0.88166800719494187     
  0.17000000000000001       0.87651813930170475     
  0.18000000000000002       0.87158301372423053     
  0.19000000000000003       0.86685633135566664     
  0.20000000000000004       0.86233208809586559     
  0.21000000000000005       0.85800455424477784     
  0.22000000000000006       0.85386825553657875     
  0.23000000000000007       0.84991795566383710     
  0.24000000000000007       0.84614864015690316     
  0.25000000000000006       0.84255550149770053     
  0.26000000000000006       0.83913392535948705     
  0.27000000000000007       0.83587947787511629     
  0.28000000000000008       0.83278789384605567     
  0.29000000000000009       0.82985506581306190     
  0.30000000000000010       0.82707703391710563     
  0.31000000000000011       0.82444997648599272     
  0.32000000000000012       0.82197020128825182     
  0.33000000000000013       0.81963413740132729     
  0.34000000000000014       0.81743832764601698     
  0.35000000000000014       0.81537942154348619     
  0.36000000000000015       0.81345416875512999     
  0.37000000000000016       0.81165941296910105     
  0.38000000000000017       0.80999208620050922     
  0.39000000000000018       0.80844920347517191     
  0.40000000000000019       0.80702785786938636     
  0.41000000000000020       0.80572521588053725     
  0.42000000000000021       0.80453851310546809     
  0.43000000000000022       0.80346505020546055     
  0.44000000000000022       0.80250218913840077     
  0.45000000000000023       0.80164734964028561     
  0.46000000000000024       0.80089800593964833     
  0.47000000000000025       0.80025168368978172     
  0.48000000000000026       0.79970595710481329     
  0.49000000000000027       0.79925844628676246     
  0.50000000000000022       0.79890681473168357     
  0.51000000000000023       0.79864876700389065     
  0.52000000000000024       0.79848204656806820     
  0.53000000000000025       0.79840443376981440     
  0.54000000000000026       0.79841374395583675     
  0.55000000000000027       0.79850782572563683     
  0.56000000000000028       0.79868455930708560     
  0.57000000000000028       0.79894185504880277     
  0.58000000000000029       0.79927765202272705     
  0.59000000000000030       0.79968991673069267     
  0.60000000000000031       0.80017664190922322     
  0.61000000000000032       0.80073584542711296     
  0.62000000000000033       0.80136556927069658     
  0.63000000000000034       0.80206387861201123     
  0.64000000000000035       0.80282886095533113     
  0.65000000000000036       0.80365862535780974     
  0.66000000000000036       0.80455130172019629     
  0.67000000000000037       0.80550504014380875     
  0.68000000000000038       0.80651801035014015     
  0.69000000000000039       0.80758840115965569     
  0.70000000000000040       0.80871442002650440     
  0.71000000000000041       0.80989429262602020     
  0.72000000000000042       0.81112626249202813     
  0.73000000000000043       0.81240859070110039     
  0.74000000000000044       0.81373955560102784     
  0.75000000000000044       0.81511745258087931     
  0.76000000000000045       0.81654059388012790     
  0.77000000000000046       0.81800730843441416     
  0.78000000000000047       0.81951594175560771     
  0.79000000000000048       0.82106485584390865     
  0.80000000000000049       0.82265242912980951     
  0.81000000000000050       0.82427705644380933     
  0.82000000000000051       0.82593714901184101     
  0.83000000000000052       0.82763113447443715     
  0.84000000000000052       0.82935745692772189     
  0.85000000000000053       0.83111457698437463     
  0.86000000000000054       0.83290097185276801     
  0.87000000000000055       0.83471513543253795     
  0.88000000000000056       0.83655557842489570     
  0.89000000000000057       0.83842082845604315     
  0.90000000000000058       0.84030943021210402     
  0.91000000000000059       0.84221994558403268     
  0.92000000000000060       0.84415095382101046     
  0.93000000000000060       0.84610105169088956     
  0.94000000000000061       0.84806885364629092     
  0.95000000000000062       0.85005299199501161     
  0.96000000000000063       0.85205211707344497     
  0.97000000000000064       0.85406489742176450     
  0.98000000000000065       0.85609001995967049     
  0.99000000000000066       0.85812619016154823     
   1.0000000000000007       0.86017213222993305     
   1.0100000000000007       0.86222658926622731     
   1.0200000000000007       0.86428832343766515     
   1.0300000000000007       0.86635611613956698     
   1.0400000000000007       0.86842876815197889     
   1.0500000000000007       0.87050509978984003     
   1.0600000000000007       0.87258395104587161     
   1.0700000000000007       0.87466418172543203     
   1.0800000000000007       0.87674467157263269     
   1.0900000000000007       0.87882432038705982     
   1.1000000000000008       0.88090204813049711     
   1.1100000000000008       0.88297679502309678     
   1.1200000000000008       0.88504752162849254     
   1.1300000000000008       0.88711320892740264     
   1.1400000000000008       0.88917285837931603     
   1.1500000000000008       0.89122549197190726     
   1.1600000000000008       0.89327015225787132     
   1.1700000000000008       0.89530590237891816     
   1.1800000000000008       0.89733182607671391     
   1.1900000000000008       0.89934702769060082     
   1.2000000000000008       0.90135063214197308     
   1.2100000000000009       0.90334178490522898     
   1.2200000000000009       0.90531965196526409     
   1.2300000000000009       0.90728341976150850     
   1.2400000000000009       0.90923229511855397     
   1.2500000000000009       0.91116550516345363     
   1.2600000000000009       0.91308229722981382     
   1.2700000000000009       0.91498193874883438     
   1.2800000000000009       0.91686371712748516     
   1.2900000000000009       0.91872693961404184     
   1.3000000000000009       0.92057093315123018     
   1.3100000000000009       0.92239504421726082     
   1.3200000000000010       0.92419863865505947     
   1.3300000000000010       0.92598110149002577     
   1.3400000000000010       0.92774183673667376     
   1.3500000000000010       0.92948026719453058     
   1.3600000000000010       0.93119583423368824     
   1.3700000000000010       0.93288799757042074     
   1.3800000000000010       0.93455623503329377     
   1.3900000000000010       0.93620004232020970     
   1.4000000000000010       0.93781893274684047     
   1.4100000000000010       0.93941243698691190     
   1.4200000000000010       0.94098010280481170     
   1.4300000000000010       0.94252149478099911     
   1.4400000000000011       0.94403619403069949     
   1.4500000000000011       0.94552379791637142     
   1.4600000000000011       0.94698391975443286     
   1.4700000000000011       0.94841618851673692     
   1.4800000000000011       0.94982024852728364     
   1.4900000000000011       0.95119575915465204     
   1.5000000000000011       0.95254239450063449     
   1.5100000000000011       0.95385984308554794     
   1.5200000000000011       0.95514780753069206     
   1.5300000000000011       0.95640600423841582     
   1.5400000000000011       0.95763416307024551     
   1.5500000000000012       0.95883202702351888     
   1.5600000000000012       0.95999935190695829     
   1.5700000000000012       0.96113590601560550     
   1.5800000000000012       0.96224146980552894     
   1.5900000000000012       0.96331583556870082     
   1.6000000000000012       0.96435880710842992     
   1.6100000000000012       0.96537019941572055     
   1.6200000000000012       0.96634983834691512     
   1.6300000000000012       0.96729756030296332     
   1.6400000000000012       0.96821321191064558     
   1.6500000000000012       0.96909664970606357     
   1.6600000000000013       0.96994773982069615     
   1.6700000000000013       0.97076635767030217     
   1.6800000000000013       0.97155238764693785     
   1.6900000000000013       0.97230572281433991     
   1.7000000000000013       0.97302626460691011     
   1.7100000000000013       0.97371392253252287     
   1.7200000000000013       0.97436861387936058     
   1.7300000000000013       0.97499026342696749     
   1.7400000000000013       0.97557880316169721     
   1.7500000000000013       0.97613417199671548     
   1.7600000000000013       0.97665631549670429     
   1.7700000000000014       0.97714518560739994     
   1.7800000000000014       0.97760074039008371     
   1.7900000000000014       0.97802294376113075     
   1.8000000000000014       0.97841176523670936     
   1.8100000000000014       0.97876717968271032     
   1.8200000000000014       0.97908916706997440     
   1.8300000000000014       0.97937771223487258     
   1.8400000000000014       0.97963280464528435     
   1.8500000000000014       0.97985443817200779     
   1.8600000000000014       0.98004261086562294     
   1.8700000000000014       0.98019732473882304     
   1.8800000000000014       0.98031858555421592     
   1.8900000000000015       0.98040640261759060     
   1.9000000000000015       0.98046078857663455     
   1.9100000000000015       0.98048175922507841     
   1.9200000000000015       0.98046933331223973     
   1.9300000000000015       0.98042353235792601     
   1.9400000000000015       0.98034438047265460     
   1.9500000000000015       0.98023190418313777     
   1.9600000000000015       0.98008613226297692     
   1.9700000000000015       0.97990709556850286     
   1.9800000000000015       0.97969482687969600     
   1.9900000000000015       0.97944936074611411     
   2.0000000000000013       0.97917073333775029     
   2.0100000000000011       0.97885898230074286     
   2.0200000000000009       0.97851414661785119     
   2.0300000000000007       0.97813626647361229     
   2.0400000000000005       0.97772538312408663     
   2.0500000000000003       0.97728153877110180     
   2.0600000000000001       0.97680477644089891     
   2.0699999999999998       0.97629513986708449     
   2.0799999999999996       0.97575267337779048     
   2.0899999999999994       0.97517742178694211     
   2.0999999999999992       0.97456943028953291     
   2.1099999999999990       0.97392874436080501     
   2.1199999999999988       0.97325540965923285     
   2.1299999999999986       0.97254947193320707     
   2.1399999999999983       0.97181097693131635     
   2.1499999999999981       0.97103997031612399     
   2.1599999999999979       0.97023649758133601     
   2.1699999999999977       0.96940060397225958     
   2.1799999999999975       0.96853233440944897     
   2.1899999999999973       0.96763173341543873     
   2.1999999999999971       0.96669884504446280     
   2.2099999999999969       0.96573371281506182     
   2.2199999999999966       0.96473637964547843     
   2.2299999999999964       0.96370688779174518     
   2.2399999999999962       0.96264527878836814     
   2.2499999999999960       0.96155159339151242     
   2.2599999999999958       0.96042587152459646     
   2.2699999999999956       0.95926815222620321     
   2.2799999999999954       0.95807847360021903     
   2.2899999999999952       0.95685687276811204     
   2.2999999999999949       0.95560338582326265     
   2.3099999999999947       0.95431804778726237     
   2.3199999999999945       0.95300089256809783     
   2.3299999999999943       0.95165195292013816     
   2.3399999999999941       0.95027126040584742     
   2.3499999999999939       0.94885884535914389     
   2.3599999999999937       0.94741473685033117     
   2.3699999999999934       0.94593896265252697     
   2.3799999999999932       0.94443154920951811     
   2.3899999999999930       0.94289252160497206     
   2.3999999999999928       0.94132190353293621     
   2.4099999999999926       0.93971971726956027     
   2.4199999999999924       0.93808598364597617     
   2.4299999999999922       0.93642072202227389     
   2.4399999999999920       0.93472395026251265     
   2.4499999999999917       0.93299568471070915     
   2.4599999999999915       0.93123594016774569     
   2.4699999999999913       0.92944472986914339     
   2.4799999999999911       0.92762206546364745     
   2.4899999999999909       0.92576795699257319     
   2.4999999999999907       0.92388241286986295     
   2.5099999999999905       0.92196543986280610     
   2.5199999999999902       0.92001704307337651     
   2.5299999999999900       0.91803722592014125     
   2.5399999999999898       0.91602599012070030     
   2.5499999999999896       0.91398333567461332     
   2.5599999999999894       0.91190926084677559     
   2.5699999999999892       0.90980376215120418     
   2.5799999999999890       0.90766683433519790     
   2.5899999999999888       0.90549847036383613     
   2.5999999999999885       0.90329866140478288     
   2.6099999999999883       0.90106739681336334     
   2.6199999999999881       0.89880466411788329     
   2.6299999999999879       0.89651044900516086     
   2.6399999999999877       0.89418473530624332     
   2.6499999999999875       0.89182750498228203     
   2.6599999999999873       0.88943873811054075     
   2.6699999999999871       0.88701841287051197     
   2.6799999999999868       0.88456650553012051     
   2.6899999999999866       0.88208299043199068     
   2.6999999999999864       0.87956783997975885     
   2.7099999999999862       0.87702102462441056     
   2.7199999999999860       0.87444251285062591     
   2.7299999999999858       0.87183227116311546     
   2.7399999999999856       0.86919026407293165     
   2.7499999999999853       0.86651645408374145     
   2.7599999999999851       0.86381080167804669     
   2.7699999999999849       0.86107326530334061     
   2.7799999999999847       0.85830380135818940     
   2.7899999999999845       0.85550236417822878     
   2.7999999999999843       0.85266890602206691     
   2.8099999999999841       0.84980337705708697     
   2.8199999999999839       0.84690572534514186     
   2.8299999999999836       0.84397589682813590     
   2.8399999999999834       0.84101383531348994     
   2.8499999999999832       0.83801948245948632     
   2.8599999999999830       0.83499277776049152     
   2.8699999999999828       0.83193365853205636     
   2.8799999999999826       0.82884205989589310     
   2.8899999999999824       0.82571791476473200     
   2.8999999999999821       0.82256115382705919     
   2.9099999999999819       0.81937170553173988     
   2.9199999999999817       0.81614949607253251     
   2.9299999999999815       0.81289444937249922     
   2.9399999999999813       0.80960648706832128     
   2.9499999999999811       0.80628552849452739     
   2.9599999999999809       0.80293149066764546     
   2.9699999999999807       0.79954428827028967     
   2.9799999999999804       0.79612383363519512     
   2.9899999999999802       0.79267003672921543     
   2.9999999999999800       0.78918280513729766     
   3.0099999999999798       0.78566204404645357     
   3.0199999999999796       0.78210765622974476     
   3.0299999999999794       0.77851954203030327     
   3.0399999999999792       0.77489759934540925     
   3.0499999999999790       0.77124172361064947     
   3.0599999999999787       0.76755180778418353     
   3.0699999999999785       0.76382774233114403     
   3.0799999999999783       0.76006941520820104     
   3.0899999999999781       0.75627671184832190     
   3.0999999999999779       0.75244951514576097     
   3.1099999999999777       0.74858770544131337     
   3.1199999999999775       0.74469116050787243     
   3.1299999999999772       0.74075975553633033     
   3.1399999999999770       0.73679336312186428     
   3.1499999999999768       0.73279185325065477     
   3.1599999999999766       0.72875509328708266     
   3.1699999999999764       0.72468294796145571     
   3.1799999999999762       0.72057527935831933     
   3.1899999999999760       0.71643194690540590     
   3.1999999999999758       0.71225280736328400     
   3.2099999999999755       0.70803771481576927     
   3.2199999999999753       0.70378652066116265     
   3.2299999999999751       0.69949907360438646     
   3.2399999999999749       0.69517521965009033     
   3.2499999999999747       0.69081480209680446     
   3.2599999999999745       0.68641766153222039     
   3.2699999999999743       0.68198363582968469     
   3.2799999999999740       0.67751256014599404     
   3.2899999999999738       0.67300426692058490     
   3.2999999999999736       0.66845858587621643     
   3.3099999999999734       0.66387534402124859     
   3.3199999999999732       0.65925436565362316     
   3.3299999999999730       0.65459547236666082     
   3.3399999999999728       0.64989848305679132     
   3.3499999999999726       0.64516321393334131     
   3.3599999999999723       0.64038947853050843     
   3.3699999999999721       0.63557708772165633     
   3.3799999999999719       0.63072584973607304     
   3.3899999999999717       0.62583557017833946     
   3.3999999999999715       0.62090605205046179     
   3.4099999999999713       0.61593709577693001     
   3.4199999999999711       0.61092849923286963     
   3.4299999999999708       0.60588005777546206     
   3.4399999999999706       0.60079156427881675     
   3.4499999999999704       0.59566280917248537     
   3.4599999999999702       0.59049358048381695     
   3.4699999999999700       0.58528366388436026     
   3.4799999999999698       0.58003284274052935     
   3.4899999999999696       0.57474089816875618     
   3.4999999999999694       0.56940760909536303     
   3.5099999999999691       0.56403275232139782     
   3.5199999999999689       0.55861610259268313     
   3.5299999999999687       0.55315743267534101     
   3.5399999999999685       0.54765651343706534     
   3.5499999999999683       0.54211311393442285     
   3.5599999999999681       0.53652700150647481     
   3.5699999999999679       0.53089794187502259     
   3.5799999999999677       0.52522569925179041     
   3.5899999999999674       0.51951003645286897     
   3.5999999999999672       0.51375071502075687     
   3.6099999999999670       0.50794749535434580     
   3.6199999999999668       0.50210013684720811     
   3.6299999999999666       0.49620839803455724     
   3.6399999999999664       0.49027203674926156     
   3.6499999999999662       0.48429081028730581     
   3.6599999999999659       0.47826447558310464     
   3.6699999999999657       0.47219278939508513     
   3.6799999999999655       0.46607550850196633     
   3.6899999999999653       0.45991238991017586     
   3.6999999999999651       0.45370319107285473     
   3.7099999999999649       0.44744767012091274     
   3.7199999999999647       0.44114558610660798     
   3.7299999999999645       0.43479669926013381     
   3.7399999999999642       0.42840077125970827     
   3.7499999999999640       0.42195756551566915     
   3.7599999999999638       0.41546684746908791     
   3.7699999999999636       0.40892838490542427     
   3.7799999999999634       0.40234194828375075     
   3.7899999999999632       0.39570731108208346     
   3.7999999999999630       0.38902425015936209     
   3.8099999999999627       0.38229254613462577     
   3.8199999999999625       0.37551198378393680     
   3.8299999999999623       0.36868235245560571     
   3.8399999999999621       0.36180344650427215     
   3.8499999999999619       0.35487506574439615     
   3.8599999999999617       0.34789701592371153     
   3.8699999999999615       0.34086910921718855     
   3.8799999999999613       0.33379116474204740     
   3.8899999999999610       0.32666300909435453     
   3.8999999999999608       0.31948447690772325     
   3.9099999999999606       0.31225541143462532     
   3.9199999999999604       0.30497566515080426     
   3.9299999999999602       0.29764510038326059     
   3.9399999999999600       0.29026358996225565     
   3.9499999999999598       0.28283101789775428     
   3.9599999999999596       0.27534728008069470     
   3.9699999999999593       0.26781228500944032     
   3.9799999999999591       0.26022595454172726     
   3.9899999999999589       0.25258822467237846     
   3.9999999999999587       0.24489904633700590     
   4.0099999999999589       0.23715838624186750     
   4.0199999999999587       0.22936622771998710     
   4.0299999999999585       0.22152257161357919     
   4.0399999999999583       0.21362743718274896     
   4.0499999999999581       0.20568086304036115     
   4.0599999999999579       0.19768290811288572     
   4.0699999999999577       0.18963365262693865     
   4.0799999999999574       0.18153319912113708     
   4.0899999999999572       0.17338167348278302     
   4.0999999999999570       0.16517922600877766     
   4.1099999999999568       0.15692603249004697     
   4.1199999999999566       0.14862229531863236     
   4.1299999999999564       0.14026824461646320     
   4.1399999999999562       0.13186413938468511     
   4.1499999999999559       0.12341026867226566     
   4.1599999999999557       0.11490695276243951     
   4.1699999999999555       0.10635454437538779     
   4.1799999999999553        9.7753429885371210E-002
   4.1899999999999551        8.9104030550353680E-002
   4.1999999999999549        8.0406803751963477E-002
   4.2099999999999547        7.1662244243442363E-002
   4.2199999999999545        6.2870885403029944E-002
   4.2299999999999542        5.4033300490021634E-002
   4.2399999999999540        4.5150103900524527E-002
   4.2499999999999538        3.6221952419716902E-002
   4.2599999999999536        2.7249546467194893E-002
   4.2699999999999534        1.8233631331764956E-002
   4.2799999999999532        9.1749983918145255E-003
   4.2899999999999530        7.4486317166340410E-005
   4.2999999999999527       -9.0670177519037009E-003
   4.3099999999999525       -1.8248577053028646E-002
   4.3199999999999523       -2.7469204082255269E-002
   4.3299999999999521       -3.6727859511667724E-002
   4.3399999999999519       -4.6023451149312083E-002
   4.3499999999999517       -5.5354832946800027E-002
   4.3599999999999515       -6.4720804060154541E-002
   4.3699999999999513       -7.4120107969631061E-002
   4.3799999999999510       -8.3551431664402070E-002
   4.3899999999999508       -9.3013404898129023E-002
   4.3999999999999506      -0.10250459952156017     
   4.4099999999999504      -0.11202352889838450     
   4.4199999999999502      -0.12156864741063667     
   4.4299999999999500      -0.13113835005998473     
   4.4399999999999498      -0.14073097217123731     
   4.4499999999999496      -0.15034478920437844     
   4.4599999999999493      -0.15997801668137326     
   4.4699999999999491      -0.16962881023388462     
   4.4799999999999489      -0.17929526577789545     
   4.4899999999999487      -0.18897541982104551     
   4.4999999999999485      -0.19866724990825813     
   4.5099999999999483      -0.20836867521095431     
   4.5199999999999481      -0.21807755726482533     
   4.5299999999999478      -0.22779170086075967     
   4.5399999999999476      -0.23750885509309555     
   4.5499999999999474      -0.24722671456889611     
   4.5599999999999472      -0.25694292078142061     
   4.5699999999999470      -0.26665506365039182     
   4.5799999999999468      -0.27636068323103979     
   4.5899999999999466      -0.28605727159323541     
   4.5999999999999464      -0.29574227487131666     
   4.6099999999999461      -0.30541309548445883     
   4.6199999999999459      -0.31506709452665094     
   4.6299999999999457      -0.32470159432451645     
   4.6399999999999455      -0.33431388116036526     
   4.6499999999999453      -0.34390120815698494     
   4.6599999999999451      -0.35346079831978550     
   4.6699999999999449      -0.36298984773100135     
   4.6799999999999446      -0.37248552888974085     
   4.6899999999999444      -0.38194499419075889     
   4.6999999999999442      -0.39136537953392192     
   4.7099999999999440      -0.40074380805544468     
   4.7199999999999438      -0.41007739397110982     
   4.7299999999999436      -0.41936324652084572     
   4.7399999999999434      -0.42859847400324141     
   4.7499999999999432      -0.43778018788782613     
   4.7599999999999429      -0.44690550699224685     
   4.7699999999999427      -0.45597156171084341     
   4.7799999999999425      -0.46497549828055701     
   4.7899999999999423      -0.47391448306961914     
   4.7999999999999421      -0.48278570687406336     
   4.8099999999999419      -0.49158638920678210     
   4.8199999999999417      -0.50031378256362480     
   4.8299999999999415      -0.50896517665090368     
   4.8399999999999412      -0.51753790255864074     
   4.8499999999999410      -0.52602933686396003     
   4.8599999999999408      -0.53443690564920121     
   4.8699999999999406      -0.54275808841960294     
   4.8799999999999404      -0.55099042190578151     
   4.8899999999999402      -0.55913150373670328     
   4.8999999999999400      -0.56717899596942056     
   4.9099999999999397      -0.57513062846250240     
   4.9199999999999395      -0.58298420208084223     
   4.9299999999999393      -0.59073759172035412     
   4.9399999999999391      -0.59838874914197426     
   4.9499999999999389      -0.60593570560535648     
   4.9599999999999387      -0.61337657429367998     
   4.9699999999999385      -0.62070955252206872     
   4.9799999999999383      -0.62793292372324094     
   4.9899999999999380      -0.63504505920516030     
   4.9999999999999378      -0.64204441967663239     
   5.0099999999999376      -0.64892955653797613     
   5.0199999999999374      -0.65569911293508376     
   5.0299999999999372      -0.66235182457636466     
   5.0399999999999370      -0.66888652031322615     
   5.0499999999999368      -0.67530212248588239     
   5.0599999999999365      -0.68159764703737946     
   5.0699999999999363      -0.68777220339978518     
   5.0799999999999361      -0.69382499415749699     
   5.0899999999999359      -0.69975531449357165     
   5.0999999999999357      -0.70556255142587021     
   5.1099999999999355      -0.71124618284062957     
   5.1199999999999353      -0.71680577633182030     
   5.1299999999999351      -0.72224098785532476     
   5.1399999999999348      -0.72755156020756195     
   5.1499999999999346      -0.73273732133870295     
   5.1599999999999344      -0.73779818251105478     
   5.1699999999999342      -0.74273413631354523     
   5.1799999999999340      -0.74754525454351595     
   5.1899999999999338      -0.75223168596722845     
   5.1999999999999336      -0.75679365397060683     
   5.2099999999999334      -0.76123145411178905     
   5.2199999999999331      -0.76554545158703469     
   5.2299999999999329      -0.76973607862144700     
   5.2399999999999327      -0.77380383179581491     
   5.2499999999999325      -0.77774926932067046     
   5.2599999999999323      -0.78157300826839238     
   5.2699999999999321      -0.78527572177387450     
   5.2799999999999319      -0.78885813621392198     
   5.2899999999999316      -0.79232102837514362     
   5.2999999999999314      -0.79566522261968109     
   5.3099999999999312      -0.79889158805766014     
   5.3199999999999310      -0.80200103573476855     
   5.3299999999999308      -0.80499451584286807     
   5.3399999999999306      -0.80787301496103736     
   5.3499999999999304      -0.81063755333391785     
   5.3599999999999302      -0.81328918219371193     
   5.3699999999999299      -0.81582898113165125     
   5.3799999999999297      -0.81825805552422826     
   5.3899999999999295      -0.82057753401896460     
   5.3999999999999293      -0.82278856608397544     
   5.4099999999999291      -0.82489231962509013     
   5.4199999999999289      -0.82688997867380265     
   5.4299999999999287      -0.82878274114885175     
   5.4399999999999284      -0.83057181669378022     
   5.4499999999999282      -0.83225842459238564     
   5.4599999999999280      -0.83384379176356316     
   5.4699999999999278      -0.83532915083664661     
   5.4799999999999276      -0.83671573830798440     
   5.4899999999999274      -0.83800479277913964     
   5.4999999999999272      -0.83919755327677859     
   5.5099999999999270      -0.84029525765400981     
   5.5199999999999267      -0.84129914107265913     
   5.5299999999999265      -0.84221043456570788     
   5.5399999999999263      -0.84303036367889062     
   5.5499999999999261      -0.84376014719023662     
   5.5599999999999259      -0.84440099590614826     
   5.5699999999999257      -0.84495411153244293     
   5.5799999999999255      -0.84542068561863226     
   5.5899999999999253      -0.84580189857358512     
   5.5999999999999250      -0.84609891875060661     
   5.6099999999999248      -0.84631290159987071     
   5.6199999999999246      -0.84644498888606601     
   5.6299999999999244      -0.84649630796904896     
   5.6399999999999242      -0.84646797114525141     
   5.6499999999999240      -0.84636107504755143     
   5.6599999999999238      -0.84617670010129364     
   5.6699999999999235      -0.84591591003413313     
   5.6799999999999233      -0.84557975143737352     
   5.6899999999999231      -0.84516925337647930     
   5.6999999999999229      -0.84468542704845684     
   5.7099999999999227      -0.84412926548382317     
   5.7199999999999225      -0.84350174329091310     
   5.7299999999999223      -0.84280381644031110     
   5.7399999999999221      -0.84203642208723695     
   5.7499999999999218      -0.84120047842976331     
   5.7599999999999216      -0.84029688460079166     
   5.7699999999999214      -0.83932652059177093     
   5.7799999999999212      -0.83829024720619916     
   5.7899999999999210      -0.83718890604100904     
   5.7999999999999208      -0.83602331949400122     
   5.8099999999999206      -0.83479429079555112     
   5.8199999999999203      -0.83350260406288235     
   5.8299999999999201      -0.83214902437526184     
   5.8399999999999199      -0.83073429786854003     
   5.8499999999999197      -0.82925915184752441     
   5.8599999999999195      -0.82772429491473964     
   5.8699999999999193      -0.82613041711419211     
   5.8799999999999191      -0.82447819008882273     
   5.8899999999999189      -0.82276826725039243     
   5.8999999999999186      -0.82100128396060956     
   5.9099999999999184      -0.81917785772236673     
   5.9199999999999182      -0.81729858838001634     
   5.9299999999999180      -0.81536405832767034     
   5.9399999999999178      -0.81337483272456779     
   5.9499999999999176      -0.81133145971660703     
   5.9599999999999174      -0.80923447066319332     
   5.9699999999999172      -0.80708438036860408     
   5.9799999999999169      -0.80488168731712351     
   5.9899999999999167      -0.80262687391124532     
   5.9999999999999165      -0.80032040671228988     
   6.0099999999999163      -0.79796273668282480     
   6.0199999999999161      -0.79555429943032108     
   6.0299999999999159      -0.79309551545151791     
   6.0399999999999157      -0.79058679037700730     
   6.0499999999999154      -0.78802851521558792     
   6.0599999999999152      -0.78542106659797206     
   6.0699999999999150      -0.78276480701946394     
   6.0799999999999148      -0.78006008508126057     
   6.0899999999999146      -0.77730723573005556     
   6.0999999999999144      -0.77450658049565702     
   6.1099999999999142      -0.77165842772635729     
   6.1199999999999140      -0.76876307282181955     
   6.1299999999999137      -0.76582079846327034     
   6.1399999999999135      -0.76283187484081172     
   6.1499999999999133      -0.75979655987768890     
   6.1599999999999131      -0.75671509945136950     
   6.1699999999999129      -0.75358772761131210     
   6.1799999999999127      -0.75041466679332036     
   6.1899999999999125      -0.74719612803039581     
   6.1999999999999122      -0.74393231116002168     
   6.2099999999999120      -0.74062340502782309     
   6.2199999999999118      -0.73726958768756790     
   6.2299999999999116      -0.73387102659748271     
   6.2399999999999114      -0.73042787881287574     
   6.2499999999999112      -0.72694029117506909     
   6.2599999999999110      -0.72340840049665478     
   6.2699999999999108      -0.71983233374310196     
   6.2799999999999105      -0.71621220821075249     
   6.2899999999999103      -0.71254813170125220     
   6.2999999999999101      -0.70884020269247638     
   6.3099999999999099      -0.70508851050601495     
   6.3199999999999097      -0.70129313547129424     
   6.3299999999999095      -0.69745414908641901     
   6.3399999999999093      -0.69357161417582724     
   6.3499999999999091      -0.68964558504485729     
   6.3599999999999088      -0.68567610763133580     
   6.3699999999999086      -0.68166321965430021     
   6.3799999999999084      -0.67760695075997834     
   6.3899999999999082      -0.67350732266515301     
   6.3999999999999080      -0.66936434929804678     
   6.4099999999999078      -0.66517803693686894     
   6.4199999999999076      -0.66094838434617131     
   6.4299999999999073      -0.65667538291116823     
   6.4399999999999071      -0.65235901677017982     
   6.4499999999999069      -0.64799926294536536     
   6.4599999999999067      -0.64359609147191876     
   6.4699999999999065      -0.63914946552590446     
   6.4799999999999063      -0.63465934155091852     
   6.4899999999999061      -0.63012566938376458     
   6.4999999999999059      -0.62554839237934245     
   6.5099999999999056      -0.62092744753495122     
   6.5199999999999054      -0.61626276561421622     
   6.5299999999999052      -0.61155427127085604     
   6.5399999999999050      -0.60680188317251083     
   6.5499999999999048      -0.60200551412486114     
   6.5599999999999046      -0.59716507119627293     
   6.5699999999999044      -0.59228045584321054     
   6.5799999999999041      -0.58735156403666799     
   6.5899999999999039      -0.58237828638987543     
   6.5999999999999037      -0.57736050828754437     
   6.6099999999999035      -0.57229811001692454     
   6.6199999999999033      -0.56719096690095228     
   6.6299999999999031      -0.56203894943377797     
   6.6399999999999029      -0.55684192341896899     
   6.6499999999999027      -0.55159975011069351     
   6.6599999999999024      -0.54631228635819773     
   6.6699999999999022      -0.54097938475389951     
   6.6799999999999020      -0.53560089378543052     
   6.6899999999999018      -0.53017665799196634     
   6.6999999999999016      -0.52470651812519653     
   6.7099999999999014      -0.51919031131529392     
   6.7199999999999012      -0.51362787124225329     
   6.7299999999999010      -0.50801902831298029     
   6.7399999999999007      -0.50236360984452044     
   6.7499999999999005      -0.49666144025382897     
   6.7599999999999003      -0.49091234125449323     
   6.7699999999999001      -0.48511613206082976     
   6.7799999999998999      -0.47927262959978795     
   6.7899999999998997      -0.47338164873110411     
   6.7999999999998995      -0.46744300247616005     
   6.8099999999998992      -0.46145650225601065     
   6.8199999999998990      -0.45542195813905573     
   6.8299999999998988      -0.44933917909884247     
   6.8399999999998986      -0.44320797328249406     
   6.8499999999998984      -0.43702814829027115     
   6.8599999999998982      -0.43079951146678191     
   6.8699999999998980      -0.42452187020436677     
   6.8799999999998978      -0.41819503225919175     
   6.8899999999998975      -0.41181880608059379     
   6.8999999999998973      -0.40539300115422949     
   6.9099999999998971      -0.39891742835958477     
   6.9199999999998969      -0.39239190034241123     
   6.9299999999998967      -0.38581623190265862     
   6.9399999999998965      -0.37919024039847932     
   6.9499999999998963      -0.37251374616688254     
   6.9599999999998960      -0.36578657296161954     
   6.9699999999998958      -0.35900854840888108     
   6.9799999999998956      -0.35217950448138785     
   6.9899999999998954      -0.34529927799145249     
   6.9999999999998952      -0.33836771110358738     
   7.0099999999998950      -0.33138465186722565     
   7.0199999999998948      -0.32434995477011508     
   7.0299999999998946      -0.31726348131293308     
   7.0399999999998943      -0.31012510060565762     
   7.0499999999998941      -0.30293468998621215     
   7.0599999999998939      -0.29569213566188401     
   7.0699999999998937      -0.28839733337399182     
   7.0799999999998935      -0.28105018908625223     
   7.0899999999998933      -0.27365061969726578     
   7.0999999999998931      -0.26619855377750740     
   7.1099999999998929      -0.25869393233116916     
   7.1199999999998926      -0.25113670958316009     
   7.1299999999998924      -0.24352685379151937     
   7.1399999999998922      -0.23586434808544707     
   7.1499999999998920      -0.22814919132909844     
   7.1599999999998918      -0.22038139901122353     
   7.1699999999998916      -0.21256100416066429     
   7.1799999999998914      -0.20468805828764580     
   7.1899999999998911      -0.19676263235071534     
   7.1999999999998909      -0.18878481774909411     
   7.2099999999998907      -0.18075472734011094     
   7.2199999999998905      -0.17267249648128319     
   7.2299999999998903      -0.16453828409650056     
   7.2399999999998901      -0.15635227376564897     
   7.2499999999998899      -0.14811467483688587     
   7.2599999999998897      -0.13982572356064499     
   7.2699999999998894      -0.13148568424430745     
   7.2799999999998892      -0.12309485042632594     
   7.2899999999998890      -0.11465354606843228     
   7.2999999999998888      -0.10616212676439307     
   7.3099999999998886       -9.7620980963605219E-002
   7.3199999999998884       -8.9030531207643010E-002
   7.3299999999998882       -8.0391235377680267E-002
   7.3399999999998879       -7.1703587950516595E-002
   7.3499999999998877       -6.2968121260735380E-002
   7.3599999999998875       -5.4185406766313851E-002
   7.3699999999998873       -4.5356056314792684E-002
   7.3799999999998871       -3.6480723406895045E-002
   7.3899999999998869       -2.7560104454263629E-002
   7.3999999999998867       -1.8594940027759525E-002
   7.4099999999998865       -9.5860160925405006E-003
   7.4199999999998862       -5.3416522590888846E-004
   7.4299999999998860        8.5597321863074369E-003
   7.4399999999998858        1.7694746779302321E-002
   7.4499999999998856        2.6869899069449622E-002
   7.4599999999998854        3.6084158349971425E-002
   7.4699999999998852        4.5336441627224465E-002
   7.4799999999998850        5.4625612602913355E-002
   7.4899999999998847        6.3950480707728685E-002
   7.4999999999998845        7.3309800192084412E-002
   7.5099999999998843        8.2702269279789881E-002
   7.5199999999998841        9.2126529390635162E-002
   7.5299999999998839       0.10158116443799135     
   7.5399999999998837       0.11106470020762782     
   7.5499999999998835       0.12057560382402373     
   7.5599999999998833       0.13011228331049818     
   7.5699999999998830       0.13967308724950059     
   7.5799999999998828       0.14925630454938663     
   7.5899999999998826       0.15886016432395375     
   7.5999999999998824       0.16848283589092117     
   7.6099999999998822       0.17812242889540938     
   7.6199999999998820       0.18777699356430300     
   7.6299999999998818       0.19744452109716448     
   7.6399999999998816       0.20712294419910465     
   7.6499999999998813       0.21681013776070654     
   7.6599999999998811       0.22650391968974121     
   7.6699999999998809       0.23620205189900750     
   7.6799999999998807       0.24590224145417017     
   7.6899999999998805       0.25560214188496494     
   7.6999999999998803       0.26529935466258281     
   7.7099999999998801       0.27499143084544186     
   7.7199999999998798       0.28467587289490420     
   7.7299999999998796       0.29435013666179916     
   7.7399999999998794       0.30401163354387717     
   7.7499999999998792       0.31365773281354020     
   7.7599999999998790       0.32328576411438309     
   7.7699999999998788       0.33289302012423666     
   7.7799999999998786       0.34247675938153249     
   7.7899999999998784       0.35203420927092005     
   7.7999999999998781       0.36156256916315976     
   7.8099999999998779       0.37105901370340233     
   7.8199999999998777       0.38052069624104706     
   7.8299999999998775       0.38994475239346316     
   7.8399999999998773       0.39932830373495720     
   7.8499999999998771       0.40866846160149517     
   7.8599999999998769       0.41796233100083602     
   7.8699999999998766       0.42720701461692268     
   7.8799999999998764       0.43639961689660661     
   7.8899999999998762       0.44553724820606599     
   7.8999999999998760       0.45461702904362072     
   7.9099999999998758       0.46363609429505714     
   7.9199999999998756       0.47259159751705915     
   7.9299999999998754       0.48148071523390568     
   7.9399999999998752       0.49030065123224414     
   7.9499999999998749       0.49904864083848893     
   7.9599999999998747       0.50772195516322915     
   7.9699999999998745       0.51631790529696264     
   7.9799999999998743       0.52483384644150655     
   7.9899999999998741       0.53326718196157130     
   7.9999999999998739       0.54161536734122073     
   8.0099999999998737       0.54987591403028357     
   8.0199999999998735       0.55804639316621962     
   8.0299999999998732       0.56612443915748156     
   8.0399999999998730       0.57410775311504547     
   8.0499999999998728       0.58199410611950186     
   8.0599999999998726       0.58978134231190427     
   8.0699999999998724       0.59746738179745085     
   8.0799999999998722       0.60505022335202585     
   8.0899999999998720       0.61252794692263979     
   8.0999999999998717       0.61989871591386969     
   8.1099999999998715       0.62716077925351199     
   8.1199999999998713       0.63431247323180207     
   8.1299999999998711       0.64135222310972284     
   8.1399999999998709       0.64827854449310851     
   8.1499999999998707       0.65509004447043706     
   8.1599999999998705       0.66178542251338845     
   8.1699999999998703       0.66836347114041672     
   8.1799999999998700       0.67482307634472916     
   8.1899999999998698       0.68116321778918021     
   8.1999999999998696       0.68738296877166383     
   8.2099999999998694       0.69348149596561293     
   8.2199999999998692       0.69945805894118784     
   8.2299999999998690       0.70531200947364658     
   8.2399999999998688       0.71104279064623477     
   8.2499999999998685       0.71664993575570890     
   8.2599999999998683       0.72213306702930524     
   8.2699999999998681       0.72749189416259141     
   8.2799999999998679       0.73272621268818050     
   8.2899999999998677       0.73783590218575157     
   8.2999999999998675       0.74282092434420510     
   8.3099999999998673       0.74768132088708217     
   8.3199999999998671       0.75241721137260276     
   8.3299999999998668       0.75702879087982389     
   8.3399999999998666       0.76151632759249233     
   8.3499999999998664       0.76588016029216566     
   8.3599999999998662       0.77012069577210918     
   8.3699999999998660       0.77423840618334516     
   8.3799999999998658       0.77823382632404003     
   8.3899999999998656       0.78210755088316730     
   8.3999999999998654       0.78586023164909080     
   8.4099999999998651       0.78949257469336764     
   8.4199999999998649       0.79300533753969127     
   8.4299999999998647       0.79639932632747612     
   8.4399999999998645       0.79967539297913837     
   8.4499999999998643       0.80283443237965590     
   8.4599999999998641       0.80587737957649708     
   8.4699999999998639       0.80880520700750047     
   8.4799999999998636       0.81161892176376760     
   8.4899999999998634       0.81431956289410612     
   8.4999999999998632       0.81690819875703080     
   8.5099999999998630       0.81938592442580294     
   8.5199999999998628       0.82175385915146482     
   8.5299999999998626       0.82401314388831004     
   8.5399999999998624       0.82616493888572484     
   8.5499999999998622       0.82821042134984413     
   8.5599999999998619       0.83015078317798630     
   8.5699999999998617       0.83198722876837305     
   8.5799999999998615       0.83372097290719627     
   8.5899999999998613       0.83535323873467449     
   8.5999999999998611       0.83688525579133910     
   8.6099999999998609       0.83831825814541383     
   8.6199999999998607       0.83965348260179318     
   8.6299999999998604       0.84089216699279379     
   8.6399999999998602       0.84203554855054230     
   8.6499999999998600       0.84308486236057678     
   8.6599999999998598       0.84404133989597474     
   8.6699999999998596       0.84490620763107993     
   8.6799999999998594       0.84568068573368083     
   8.6899999999998592       0.84636598683429598     
   8.6999999999998590       0.84696331487104637     
   8.7099999999998587       0.84747386400843638     
   8.7199999999998585       0.84789881762822994     
   8.7299999999998583       0.84823934739048856     
   8.7399999999998581       0.84849661236273788     
   8.7499999999998579       0.84867175821514418     
   8.7599999999998577       0.84876591647951416     
   8.7699999999998575       0.84878020386987640     
   8.7799999999998573       0.84871572166236298     
   8.7899999999998570       0.84857355513208088     
   8.7999999999998568       0.84835477304464846     
   8.8099999999998566       0.84806042720006425     
   8.8199999999998564       0.84769155202658142     
   8.8299999999998562       0.84724916422227470     
   8.8399999999998560       0.84673426244200656     
   8.8499999999998558       0.84614782702752900     
   8.8599999999998555       0.84549081977849216     
   8.8699999999998553       0.84476418376217222     
   8.8799999999998551       0.84396884315977516     
   8.8899999999998549       0.84310570314722622     
   8.8999999999998547       0.84217564980840420     
   8.9099999999998545       0.84117955007884193     
   8.9199999999998543       0.84011825171796917     
   8.9299999999998541       0.83899258330803850     
   8.9399999999998538       0.83780335427793773     
   8.9499999999998536       0.83655135495015509     
   8.9599999999998534       0.83523735660923104     
   8.9699999999998532       0.83386211159009482     
   8.9799999999998530       0.83242635338474891     
   8.9899999999998528       0.83093079676583226     
   8.9999999999998526       0.82937613792565668     
   9.0099999999998523       0.82776305462937572     
   9.0199999999998521       0.82609220638100889     
   9.0299999999998519       0.82436423460110664     
   9.0399999999998517       0.82257976281490408     
   9.0499999999998515       0.82073939684986885     
   9.0599999999998513       0.81884372504160974     
   9.0699999999998511       0.81689331844716828     
   9.0799999999998509       0.81488873106477111     
   9.0899999999998506       0.81283050005917556     
   9.0999999999998504       0.81071914599179118     
   9.1099999999998502       0.80855517305481195     
   9.1199999999998500       0.80633906930864119     
   9.1299999999998498       0.80407130692193818     
   9.1399999999998496       0.80175234241366100     
   9.1499999999998494       0.79938261689652124     
   9.1599999999998492       0.79696255632131041     
   9.1699999999998489       0.79449257172159449     
   9.1799999999998487       0.79197305945831276     
   9.1899999999998485       0.78940440146385282     
   9.1999999999998483       0.78678696548520677     
   9.2099999999998481       0.78412110532584878     
   9.2199999999998479       0.78140716108600294     
   9.2299999999998477       0.77864545940100216     
   9.2399999999998474       0.77583631367746586     
   9.2499999999998472       0.77298002432705071     
   9.2599999999998470       0.77007687899755561     
   9.2699999999998468       0.76712715280118493     
   9.2799999999998466       0.76413110853979671     
   9.2899999999998464       0.76108899692698539     
   9.2999999999998462       0.75800105680686802     
   9.3099999999998460       0.75486751536946206     
   9.3199999999998457       0.75168858836256258     
   9.3299999999998455       0.74846448030004198     
   9.3399999999998453       0.74519538466651325     
   9.3499999999998451       0.74188148411831234     
   9.3599999999998449       0.73852295068077012     
   9.3699999999998447       0.73511994594175822     
   9.3799999999998445       0.73167262124150534     
   9.3899999999998442       0.72818111785869388     
   9.3999999999998440       0.72464556719285766     
   9.4099999999998438       0.72106609094311325     
   9.4199999999998436       0.71744280128326610     
   9.4299999999998434       0.71377580103334515     
   9.4399999999998432       0.71006518382762707     
   9.4499999999998430       0.70631103427921971     
   9.4599999999998428       0.70251342814128581     
   9.4699999999998425       0.69867243246499233     
   9.4799999999998423       0.69478810575428129     
   9.4899999999998421       0.69086049811756478     
   9.4999999999998419       0.68688965141645231     
   9.5099999999998417       0.68287559941162912     
   9.5199999999998415       0.67881836790600669     
   9.5299999999998413       0.67471797488527596     
   9.5399999999998411       0.67057443065599975     
   9.5499999999998408       0.66638773798138573     
   9.5599999999998406       0.66215789221488863     
   9.5699999999998404       0.65788488143179646     
   9.5799999999998402       0.65356868655895994     
   9.5899999999998400       0.64920928150283241     
   9.5999999999998398       0.64480663327599186     
   9.6099999999998396       0.64036070212232254     
   9.6199999999998393       0.63587144164104059     
   9.6299999999998391       0.63133879890975353     
   9.6399999999998389       0.62676271460674859     
   9.6499999999998387       0.62214312313271281     
   9.6599999999998385       0.61747995273209222     
   9.6699999999998383       0.61277312561430464     
   9.6799999999998381       0.60802255807502681     
   9.6899999999998379       0.60322816061778317     
   9.6999999999998376       0.59838983807607049     
   9.7099999999998374       0.59350748973625855     
   9.7199999999998372       0.58858100946151548     
   9.7299999999998370       0.58361028581701202     
   9.7399999999998368       0.57859520219666793     
   9.7499999999998366       0.57353563695170984     
   9.7599999999998364       0.56843146352131901     
   9.7699999999998361       0.56328255056565457     
   9.7799999999998359       0.55808876210154601     
   9.7899999999998357       0.55284995764115796     
   9.7999999999998355       0.54756599233393766     
   9.8099999999998353       0.54223671711216626     
   9.8199999999998351       0.53686197884044151     
   9.8299999999998349       0.53144162046943166     
   9.8399999999998347       0.52597548119424731     
   9.8499999999998344       0.52046339661778951     
   9.8599999999998342       0.51490519891944098     
   9.8699999999998340       0.50930071702947866     
   9.8799999999998338       0.50364977680959411     
   9.8899999999998336       0.49795220123992134     
   9.8999999999998334       0.49220781061297902     
   9.9099999999998332       0.48641642273494762     
   9.9199999999998330       0.48057785313471030     
   9.9299999999998327       0.47469191528109855     
   9.9399999999998325       0.46875842080879360     
   9.9499999999998323       0.46277717975334554     
   9.9599999999998321       0.45674800079578287     
   9.9699999999998319       0.45067069151729544     
   9.9799999999998317       0.44454505866448429     
   9.9899999999998315       0.43837090842568205     
   9.9999999999998312       0.43214804671885726     
