 t x
   0.0000000000000000        1.0000000000000000     
   10.000000000000000        631.41075725336862     
   20.000000000000000        1.9939632599959255E+028
   30.000000000000000        6.2282262435746208E+257
   40.000000000000000                       Infinity
   50.000000000000000                            NaN
   60.000000000000000                            NaN
   70.000000000000000                            NaN
   80.000000000000000                            NaN
   90.000000000000000                            NaN
   100.00000000000000                            NaN
   110.00000000000000                            NaN
   120.00000000000000                            NaN
   130.00000000000000                            NaN
   140.00000000000000                            NaN
   150.00000000000000                            NaN
   160.00000000000000                            NaN
   170.00000000000000                            NaN
   180.00000000000000                            NaN
   190.00000000000000                            NaN
   200.00000000000000                            NaN
   210.00000000000000                            NaN
   220.00000000000000                            NaN
   230.00000000000000                            NaN
   240.00000000000000                            NaN
   250.00000000000000                            NaN
   260.00000000000000                            NaN
   270.00000000000000                            NaN
   280.00000000000000                            NaN
   290.00000000000000                            NaN
   300.00000000000000                            NaN
   310.00000000000000                            NaN
   320.00000000000000                            NaN
   330.00000000000000                            NaN
   340.00000000000000                            NaN
   350.00000000000000                            NaN
   360.00000000000000                            NaN
   370.00000000000000                            NaN
   380.00000000000000                            NaN
   390.00000000000000                            NaN
   400.00000000000000                            NaN
   410.00000000000000                            NaN
   420.00000000000000                            NaN
   430.00000000000000                            NaN
   440.00000000000000                            NaN
   450.00000000000000                            NaN
   460.00000000000000                            NaN
   470.00000000000000                            NaN
   480.00000000000000                            NaN
   490.00000000000000                            NaN
   500.00000000000000                            NaN
   510.00000000000000                            NaN
   520.00000000000000                            NaN
   530.00000000000000                            NaN
   540.00000000000000                            NaN
   550.00000000000000                            NaN
   560.00000000000000                            NaN
   570.00000000000000                            NaN
   580.00000000000000                            NaN
   590.00000000000000                            NaN
   600.00000000000000                            NaN
   610.00000000000000                            NaN
   620.00000000000000                            NaN
   630.00000000000000                            NaN
   640.00000000000000                            NaN
   650.00000000000000                            NaN
   660.00000000000000                            NaN
   670.00000000000000                            NaN
   680.00000000000000                            NaN
   690.00000000000000                            NaN
   700.00000000000000                            NaN
   710.00000000000000                            NaN
   720.00000000000000                            NaN
   730.00000000000000                            NaN
   740.00000000000000                            NaN
   750.00000000000000                            NaN
   760.00000000000000                            NaN
   770.00000000000000                            NaN
   780.00000000000000                            NaN
   790.00000000000000                            NaN
   800.00000000000000                            NaN
   810.00000000000000                            NaN
   820.00000000000000                            NaN
   830.00000000000000                            NaN
   840.00000000000000                            NaN
   850.00000000000000                            NaN
   860.00000000000000                            NaN
   870.00000000000000                            NaN
   880.00000000000000                            NaN
   890.00000000000000                            NaN
   900.00000000000000                            NaN
   910.00000000000000                            NaN
   920.00000000000000                            NaN
   930.00000000000000                            NaN
   940.00000000000000                            NaN
   950.00000000000000                            NaN
   960.00000000000000                            NaN
   970.00000000000000                            NaN
   980.00000000000000                            NaN
   990.00000000000000                            NaN
   1000.0000000000000                            NaN
   1010.0000000000000                            NaN
   1020.0000000000000                            NaN
   1030.0000000000000                            NaN
   1040.0000000000000                            NaN
   1050.0000000000000                            NaN
   1060.0000000000000                            NaN
   1070.0000000000000                            NaN
   1080.0000000000000                            NaN
   1090.0000000000000                            NaN
   1100.0000000000000                            NaN
   1110.0000000000000                            NaN
   1120.0000000000000                            NaN
   1130.0000000000000                            NaN
   1140.0000000000000                            NaN
   1150.0000000000000                            NaN
   1160.0000000000000                            NaN
   1170.0000000000000                            NaN
   1180.0000000000000                            NaN
   1190.0000000000000                            NaN
   1200.0000000000000                            NaN
   1210.0000000000000                            NaN
   1220.0000000000000                            NaN
   1230.0000000000000                            NaN
   1240.0000000000000                            NaN
   1250.0000000000000                            NaN
   1260.0000000000000                            NaN
   1270.0000000000000                            NaN
   1280.0000000000000                            NaN
   1290.0000000000000                            NaN
   1300.0000000000000                            NaN
   1310.0000000000000                            NaN
   1320.0000000000000                            NaN
   1330.0000000000000                            NaN
   1340.0000000000000                            NaN
   1350.0000000000000                            NaN
   1360.0000000000000                            NaN
   1370.0000000000000                            NaN
   1380.0000000000000                            NaN
   1390.0000000000000                            NaN
   1400.0000000000000                            NaN
   1410.0000000000000                            NaN
   1420.0000000000000                            NaN
   1430.0000000000000                            NaN
   1440.0000000000000                            NaN
   1450.0000000000000                            NaN
   1460.0000000000000                            NaN
   1470.0000000000000                            NaN
   1480.0000000000000                            NaN
   1490.0000000000000                            NaN
   1500.0000000000000                            NaN
   1510.0000000000000                            NaN
   1520.0000000000000                            NaN
   1530.0000000000000                            NaN
   1540.0000000000000                            NaN
   1550.0000000000000                            NaN
   1560.0000000000000                            NaN
   1570.0000000000000                            NaN
   1580.0000000000000                            NaN
   1590.0000000000000                            NaN
   1600.0000000000000                            NaN
   1610.0000000000000                            NaN
   1620.0000000000000                            NaN
   1630.0000000000000                            NaN
   1640.0000000000000                            NaN
   1650.0000000000000                            NaN
   1660.0000000000000                            NaN
   1670.0000000000000                            NaN
   1680.0000000000000                            NaN
   1690.0000000000000                            NaN
   1700.0000000000000                            NaN
   1710.0000000000000                            NaN
   1720.0000000000000                            NaN
   1730.0000000000000                            NaN
   1740.0000000000000                            NaN
   1750.0000000000000                            NaN
   1760.0000000000000                            NaN
   1770.0000000000000                            NaN
   1780.0000000000000                            NaN
   1790.0000000000000                            NaN
   1800.0000000000000                            NaN
   1810.0000000000000                            NaN
   1820.0000000000000                            NaN
   1830.0000000000000                            NaN
   1840.0000000000000                            NaN
   1850.0000000000000                            NaN
   1860.0000000000000                            NaN
   1870.0000000000000                            NaN
   1880.0000000000000                            NaN
   1890.0000000000000                            NaN
   1900.0000000000000                            NaN
   1910.0000000000000                            NaN
   1920.0000000000000                            NaN
   1930.0000000000000                            NaN
   1940.0000000000000                            NaN
   1950.0000000000000                            NaN
   1960.0000000000000                            NaN
   1970.0000000000000                            NaN
   1980.0000000000000                            NaN
   1990.0000000000000                            NaN
   2000.0000000000000                            NaN
   2010.0000000000000                            NaN
   2020.0000000000000                            NaN
   2030.0000000000000                            NaN
   2040.0000000000000                            NaN
   2050.0000000000000                            NaN
   2060.0000000000000                            NaN
   2070.0000000000000                            NaN
   2080.0000000000000                            NaN
   2090.0000000000000                            NaN
   2100.0000000000000                            NaN
   2110.0000000000000                            NaN
   2120.0000000000000                            NaN
   2130.0000000000000                            NaN
   2140.0000000000000                            NaN
   2150.0000000000000                            NaN
   2160.0000000000000                            NaN
   2170.0000000000000                            NaN
   2180.0000000000000                            NaN
   2190.0000000000000                            NaN
   2200.0000000000000                            NaN
   2210.0000000000000                            NaN
   2220.0000000000000                            NaN
   2230.0000000000000                            NaN
   2240.0000000000000                            NaN
   2250.0000000000000                            NaN
   2260.0000000000000                            NaN
   2270.0000000000000                            NaN
   2280.0000000000000                            NaN
   2290.0000000000000                            NaN
   2300.0000000000000                            NaN
   2310.0000000000000                            NaN
   2320.0000000000000                            NaN
   2330.0000000000000                            NaN
   2340.0000000000000                            NaN
   2350.0000000000000                            NaN
   2360.0000000000000                            NaN
   2370.0000000000000                            NaN
   2380.0000000000000                            NaN
   2390.0000000000000                            NaN
   2400.0000000000000                            NaN
   2410.0000000000000                            NaN
   2420.0000000000000                            NaN
   2430.0000000000000                            NaN
   2440.0000000000000                            NaN
   2450.0000000000000                            NaN
   2460.0000000000000                            NaN
   2470.0000000000000                            NaN
   2480.0000000000000                            NaN
   2490.0000000000000                            NaN
   2500.0000000000000                            NaN
   2510.0000000000000                            NaN
   2520.0000000000000                            NaN
   2530.0000000000000                            NaN
   2540.0000000000000                            NaN
   2550.0000000000000                            NaN
   2560.0000000000000                            NaN
   2570.0000000000000                            NaN
   2580.0000000000000                            NaN
   2590.0000000000000                            NaN
   2600.0000000000000                            NaN
   2610.0000000000000                            NaN
   2620.0000000000000                            NaN
   2630.0000000000000                            NaN
   2640.0000000000000                            NaN
   2650.0000000000000                            NaN
   2660.0000000000000                            NaN
   2670.0000000000000                            NaN
   2680.0000000000000                            NaN
   2690.0000000000000                            NaN
   2700.0000000000000                            NaN
   2710.0000000000000                            NaN
   2720.0000000000000                            NaN
   2730.0000000000000                            NaN
   2740.0000000000000                            NaN
   2750.0000000000000                            NaN
   2760.0000000000000                            NaN
   2770.0000000000000                            NaN
   2780.0000000000000                            NaN
   2790.0000000000000                            NaN
   2800.0000000000000                            NaN
   2810.0000000000000                            NaN
   2820.0000000000000                            NaN
   2830.0000000000000                            NaN
   2840.0000000000000                            NaN
   2850.0000000000000                            NaN
   2860.0000000000000                            NaN
   2870.0000000000000                            NaN
   2880.0000000000000                            NaN
   2890.0000000000000                            NaN
   2900.0000000000000                            NaN
   2910.0000000000000                            NaN
   2920.0000000000000                            NaN
   2930.0000000000000                            NaN
   2940.0000000000000                            NaN
   2950.0000000000000                            NaN
   2960.0000000000000                            NaN
   2970.0000000000000                            NaN
   2980.0000000000000                            NaN
   2990.0000000000000                            NaN
   3000.0000000000000                            NaN
   3010.0000000000000                            NaN
   3020.0000000000000                            NaN
   3030.0000000000000                            NaN
   3040.0000000000000                            NaN
   3050.0000000000000                            NaN
   3060.0000000000000                            NaN
   3070.0000000000000                            NaN
   3080.0000000000000                            NaN
   3090.0000000000000                            NaN
   3100.0000000000000                            NaN
   3110.0000000000000                            NaN
   3120.0000000000000                            NaN
   3130.0000000000000                            NaN
   3140.0000000000000                            NaN
   3150.0000000000000                            NaN
   3160.0000000000000                            NaN
   3170.0000000000000                            NaN
   3180.0000000000000                            NaN
   3190.0000000000000                            NaN
   3200.0000000000000                            NaN
   3210.0000000000000                            NaN
   3220.0000000000000                            NaN
   3230.0000000000000                            NaN
   3240.0000000000000                            NaN
   3250.0000000000000                            NaN
   3260.0000000000000                            NaN
   3270.0000000000000                            NaN
   3280.0000000000000                            NaN
   3290.0000000000000                            NaN
   3300.0000000000000                            NaN
   3310.0000000000000                            NaN
   3320.0000000000000                            NaN
   3330.0000000000000                            NaN
   3340.0000000000000                            NaN
   3350.0000000000000                            NaN
   3360.0000000000000                            NaN
   3370.0000000000000                            NaN
   3380.0000000000000                            NaN
   3390.0000000000000                            NaN
   3400.0000000000000                            NaN
   3410.0000000000000                            NaN
   3420.0000000000000                            NaN
   3430.0000000000000                            NaN
   3440.0000000000000                            NaN
   3450.0000000000000                            NaN
   3460.0000000000000                            NaN
   3470.0000000000000                            NaN
   3480.0000000000000                            NaN
   3490.0000000000000                            NaN
   3500.0000000000000                            NaN
   3510.0000000000000                            NaN
   3520.0000000000000                            NaN
   3530.0000000000000                            NaN
   3540.0000000000000                            NaN
   3550.0000000000000                            NaN
   3560.0000000000000                            NaN
   3570.0000000000000                            NaN
   3580.0000000000000                            NaN
   3590.0000000000000                            NaN
   3600.0000000000000                            NaN
   3610.0000000000000                            NaN
   3620.0000000000000                            NaN
   3630.0000000000000                            NaN
   3640.0000000000000                            NaN
   3650.0000000000000                            NaN
   3660.0000000000000                            NaN
   3670.0000000000000                            NaN
   3680.0000000000000                            NaN
   3690.0000000000000                            NaN
   3700.0000000000000                            NaN
   3710.0000000000000                            NaN
   3720.0000000000000                            NaN
   3730.0000000000000                            NaN
   3740.0000000000000                            NaN
   3750.0000000000000                            NaN
   3760.0000000000000                            NaN
   3770.0000000000000                            NaN
   3780.0000000000000                            NaN
   3790.0000000000000                            NaN
   3800.0000000000000                            NaN
   3810.0000000000000                            NaN
   3820.0000000000000                            NaN
   3830.0000000000000                            NaN
   3840.0000000000000                            NaN
   3850.0000000000000                            NaN
   3860.0000000000000                            NaN
   3870.0000000000000                            NaN
   3880.0000000000000                            NaN
   3890.0000000000000                            NaN
   3900.0000000000000                            NaN
   3910.0000000000000                            NaN
   3920.0000000000000                            NaN
   3930.0000000000000                            NaN
   3940.0000000000000                            NaN
   3950.0000000000000                            NaN
   3960.0000000000000                            NaN
   3970.0000000000000                            NaN
   3980.0000000000000                            NaN
   3990.0000000000000                            NaN
   4000.0000000000000                            NaN
   4010.0000000000000                            NaN
   4020.0000000000000                            NaN
   4030.0000000000000                            NaN
   4040.0000000000000                            NaN
   4050.0000000000000                            NaN
   4060.0000000000000                            NaN
   4070.0000000000000                            NaN
   4080.0000000000000                            NaN
   4090.0000000000000                            NaN
   4100.0000000000000                            NaN
   4110.0000000000000                            NaN
   4120.0000000000000                            NaN
   4130.0000000000000                            NaN
   4140.0000000000000                            NaN
   4150.0000000000000                            NaN
   4160.0000000000000                            NaN
   4170.0000000000000                            NaN
   4180.0000000000000                            NaN
   4190.0000000000000                            NaN
   4200.0000000000000                            NaN
   4210.0000000000000                            NaN
   4220.0000000000000                            NaN
   4230.0000000000000                            NaN
   4240.0000000000000                            NaN
   4250.0000000000000                            NaN
   4260.0000000000000                            NaN
   4270.0000000000000                            NaN
   4280.0000000000000                            NaN
   4290.0000000000000                            NaN
   4300.0000000000000                            NaN
   4310.0000000000000                            NaN
   4320.0000000000000                            NaN
   4330.0000000000000                            NaN
   4340.0000000000000                            NaN
   4350.0000000000000                            NaN
   4360.0000000000000                            NaN
   4370.0000000000000                            NaN
   4380.0000000000000                            NaN
   4390.0000000000000                            NaN
   4400.0000000000000                            NaN
   4410.0000000000000                            NaN
   4420.0000000000000                            NaN
   4430.0000000000000                            NaN
   4440.0000000000000                            NaN
   4450.0000000000000                            NaN
   4460.0000000000000                            NaN
   4470.0000000000000                            NaN
   4480.0000000000000                            NaN
   4490.0000000000000                            NaN
   4500.0000000000000                            NaN
   4510.0000000000000                            NaN
   4520.0000000000000                            NaN
   4530.0000000000000                            NaN
   4540.0000000000000                            NaN
   4550.0000000000000                            NaN
   4560.0000000000000                            NaN
   4570.0000000000000                            NaN
   4580.0000000000000                            NaN
   4590.0000000000000                            NaN
   4600.0000000000000                            NaN
   4610.0000000000000                            NaN
   4620.0000000000000                            NaN
   4630.0000000000000                            NaN
   4640.0000000000000                            NaN
   4650.0000000000000                            NaN
   4660.0000000000000                            NaN
   4670.0000000000000                            NaN
   4680.0000000000000                            NaN
   4690.0000000000000                            NaN
   4700.0000000000000                            NaN
   4710.0000000000000                            NaN
   4720.0000000000000                            NaN
   4730.0000000000000                            NaN
   4740.0000000000000                            NaN
   4750.0000000000000                            NaN
   4760.0000000000000                            NaN
   4770.0000000000000                            NaN
   4780.0000000000000                            NaN
   4790.0000000000000                            NaN
   4800.0000000000000                            NaN
   4810.0000000000000                            NaN
   4820.0000000000000                            NaN
   4830.0000000000000                            NaN
   4840.0000000000000                            NaN
   4850.0000000000000                            NaN
   4860.0000000000000                            NaN
   4870.0000000000000                            NaN
   4880.0000000000000                            NaN
   4890.0000000000000                            NaN
   4900.0000000000000                            NaN
   4910.0000000000000                            NaN
   4920.0000000000000                            NaN
   4930.0000000000000                            NaN
   4940.0000000000000                            NaN
   4950.0000000000000                            NaN
   4960.0000000000000                            NaN
   4970.0000000000000                            NaN
   4980.0000000000000                            NaN
   4990.0000000000000                            NaN
   5000.0000000000000                            NaN
   5010.0000000000000                            NaN
   5020.0000000000000                            NaN
   5030.0000000000000                            NaN
   5040.0000000000000                            NaN
   5050.0000000000000                            NaN
   5060.0000000000000                            NaN
   5070.0000000000000                            NaN
   5080.0000000000000                            NaN
   5090.0000000000000                            NaN
   5100.0000000000000                            NaN
   5110.0000000000000                            NaN
   5120.0000000000000                            NaN
   5130.0000000000000                            NaN
   5140.0000000000000                            NaN
   5150.0000000000000                            NaN
   5160.0000000000000                            NaN
   5170.0000000000000                            NaN
   5180.0000000000000                            NaN
   5190.0000000000000                            NaN
   5200.0000000000000                            NaN
   5210.0000000000000                            NaN
   5220.0000000000000                            NaN
   5230.0000000000000                            NaN
   5240.0000000000000                            NaN
   5250.0000000000000                            NaN
   5260.0000000000000                            NaN
   5270.0000000000000                            NaN
   5280.0000000000000                            NaN
   5290.0000000000000                            NaN
   5300.0000000000000                            NaN
   5310.0000000000000                            NaN
   5320.0000000000000                            NaN
   5330.0000000000000                            NaN
   5340.0000000000000                            NaN
   5350.0000000000000                            NaN
   5360.0000000000000                            NaN
   5370.0000000000000                            NaN
   5380.0000000000000                            NaN
   5390.0000000000000                            NaN
   5400.0000000000000                            NaN
   5410.0000000000000                            NaN
   5420.0000000000000                            NaN
   5430.0000000000000                            NaN
   5440.0000000000000                            NaN
   5450.0000000000000                            NaN
   5460.0000000000000                            NaN
   5470.0000000000000                            NaN
   5480.0000000000000                            NaN
   5490.0000000000000                            NaN
   5500.0000000000000                            NaN
   5510.0000000000000                            NaN
   5520.0000000000000                            NaN
   5530.0000000000000                            NaN
   5540.0000000000000                            NaN
   5550.0000000000000                            NaN
   5560.0000000000000                            NaN
   5570.0000000000000                            NaN
   5580.0000000000000                            NaN
   5590.0000000000000                            NaN
   5600.0000000000000                            NaN
   5610.0000000000000                            NaN
   5620.0000000000000                            NaN
   5630.0000000000000                            NaN
   5640.0000000000000                            NaN
   5650.0000000000000                            NaN
   5660.0000000000000                            NaN
   5670.0000000000000                            NaN
   5680.0000000000000                            NaN
   5690.0000000000000                            NaN
   5700.0000000000000                            NaN
   5710.0000000000000                            NaN
   5720.0000000000000                            NaN
   5730.0000000000000                            NaN
   5740.0000000000000                            NaN
   5750.0000000000000                            NaN
   5760.0000000000000                            NaN
   5770.0000000000000                            NaN
   5780.0000000000000                            NaN
   5790.0000000000000                            NaN
   5800.0000000000000                            NaN
   5810.0000000000000                            NaN
   5820.0000000000000                            NaN
   5830.0000000000000                            NaN
   5840.0000000000000                            NaN
   5850.0000000000000                            NaN
   5860.0000000000000                            NaN
   5870.0000000000000                            NaN
   5880.0000000000000                            NaN
   5890.0000000000000                            NaN
   5900.0000000000000                            NaN
   5910.0000000000000                            NaN
   5920.0000000000000                            NaN
   5930.0000000000000                            NaN
   5940.0000000000000                            NaN
   5950.0000000000000                            NaN
   5960.0000000000000                            NaN
   5970.0000000000000                            NaN
   5980.0000000000000                            NaN
   5990.0000000000000                            NaN
   6000.0000000000000                            NaN
   6010.0000000000000                            NaN
   6020.0000000000000                            NaN
   6030.0000000000000                            NaN
   6040.0000000000000                            NaN
   6050.0000000000000                            NaN
   6060.0000000000000                            NaN
   6070.0000000000000                            NaN
   6080.0000000000000                            NaN
   6090.0000000000000                            NaN
   6100.0000000000000                            NaN
   6110.0000000000000                            NaN
   6120.0000000000000                            NaN
   6130.0000000000000                            NaN
   6140.0000000000000                            NaN
   6150.0000000000000                            NaN
   6160.0000000000000                            NaN
   6170.0000000000000                            NaN
   6180.0000000000000                            NaN
   6190.0000000000000                            NaN
   6200.0000000000000                            NaN
   6210.0000000000000                            NaN
   6220.0000000000000                            NaN
   6230.0000000000000                            NaN
   6240.0000000000000                            NaN
   6250.0000000000000                            NaN
   6260.0000000000000                            NaN
   6270.0000000000000                            NaN
   6280.0000000000000                            NaN
   6290.0000000000000                            NaN
   6300.0000000000000                            NaN
   6310.0000000000000                            NaN
   6320.0000000000000                            NaN
   6330.0000000000000                            NaN
   6340.0000000000000                            NaN
   6350.0000000000000                            NaN
   6360.0000000000000                            NaN
   6370.0000000000000                            NaN
   6380.0000000000000                            NaN
   6390.0000000000000                            NaN
   6400.0000000000000                            NaN
   6410.0000000000000                            NaN
   6420.0000000000000                            NaN
   6430.0000000000000                            NaN
   6440.0000000000000                            NaN
   6450.0000000000000                            NaN
   6460.0000000000000                            NaN
   6470.0000000000000                            NaN
   6480.0000000000000                            NaN
   6490.0000000000000                            NaN
   6500.0000000000000                            NaN
   6510.0000000000000                            NaN
   6520.0000000000000                            NaN
   6530.0000000000000                            NaN
   6540.0000000000000                            NaN
   6550.0000000000000                            NaN
   6560.0000000000000                            NaN
   6570.0000000000000                            NaN
   6580.0000000000000                            NaN
   6590.0000000000000                            NaN
   6600.0000000000000                            NaN
   6610.0000000000000                            NaN
   6620.0000000000000                            NaN
   6630.0000000000000                            NaN
   6640.0000000000000                            NaN
   6650.0000000000000                            NaN
   6660.0000000000000                            NaN
   6670.0000000000000                            NaN
   6680.0000000000000                            NaN
   6690.0000000000000                            NaN
   6700.0000000000000                            NaN
   6710.0000000000000                            NaN
   6720.0000000000000                            NaN
   6730.0000000000000                            NaN
   6740.0000000000000                            NaN
   6750.0000000000000                            NaN
   6760.0000000000000                            NaN
   6770.0000000000000                            NaN
   6780.0000000000000                            NaN
   6790.0000000000000                            NaN
   6800.0000000000000                            NaN
   6810.0000000000000                            NaN
   6820.0000000000000                            NaN
   6830.0000000000000                            NaN
   6840.0000000000000                            NaN
   6850.0000000000000                            NaN
   6860.0000000000000                            NaN
   6870.0000000000000                            NaN
   6880.0000000000000                            NaN
   6890.0000000000000                            NaN
   6900.0000000000000                            NaN
   6910.0000000000000                            NaN
   6920.0000000000000                            NaN
   6930.0000000000000                            NaN
   6940.0000000000000                            NaN
   6950.0000000000000                            NaN
   6960.0000000000000                            NaN
   6970.0000000000000                            NaN
   6980.0000000000000                            NaN
   6990.0000000000000                            NaN
   7000.0000000000000                            NaN
   7010.0000000000000                            NaN
   7020.0000000000000                            NaN
   7030.0000000000000                            NaN
   7040.0000000000000                            NaN
   7050.0000000000000                            NaN
   7060.0000000000000                            NaN
   7070.0000000000000                            NaN
   7080.0000000000000                            NaN
   7090.0000000000000                            NaN
   7100.0000000000000                            NaN
   7110.0000000000000                            NaN
   7120.0000000000000                            NaN
   7130.0000000000000                            NaN
   7140.0000000000000                            NaN
   7150.0000000000000                            NaN
   7160.0000000000000                            NaN
   7170.0000000000000                            NaN
   7180.0000000000000                            NaN
   7190.0000000000000                            NaN
   7200.0000000000000                            NaN
   7210.0000000000000                            NaN
   7220.0000000000000                            NaN
   7230.0000000000000                            NaN
   7240.0000000000000                            NaN
   7250.0000000000000                            NaN
   7260.0000000000000                            NaN
   7270.0000000000000                            NaN
   7280.0000000000000                            NaN
   7290.0000000000000                            NaN
   7300.0000000000000                            NaN
   7310.0000000000000                            NaN
   7320.0000000000000                            NaN
   7330.0000000000000                            NaN
   7340.0000000000000                            NaN
   7350.0000000000000                            NaN
   7360.0000000000000                            NaN
   7370.0000000000000                            NaN
   7380.0000000000000                            NaN
   7390.0000000000000                            NaN
   7400.0000000000000                            NaN
   7410.0000000000000                            NaN
   7420.0000000000000                            NaN
   7430.0000000000000                            NaN
   7440.0000000000000                            NaN
   7450.0000000000000                            NaN
   7460.0000000000000                            NaN
   7470.0000000000000                            NaN
   7480.0000000000000                            NaN
   7490.0000000000000                            NaN
   7500.0000000000000                            NaN
   7510.0000000000000                            NaN
   7520.0000000000000                            NaN
   7530.0000000000000                            NaN
   7540.0000000000000                            NaN
   7550.0000000000000                            NaN
   7560.0000000000000                            NaN
   7570.0000000000000                            NaN
   7580.0000000000000                            NaN
   7590.0000000000000                            NaN
   7600.0000000000000                            NaN
   7610.0000000000000                            NaN
   7620.0000000000000                            NaN
   7630.0000000000000                            NaN
   7640.0000000000000                            NaN
   7650.0000000000000                            NaN
   7660.0000000000000                            NaN
   7670.0000000000000                            NaN
   7680.0000000000000                            NaN
   7690.0000000000000                            NaN
   7700.0000000000000                            NaN
   7710.0000000000000                            NaN
   7720.0000000000000                            NaN
   7730.0000000000000                            NaN
   7740.0000000000000                            NaN
   7750.0000000000000                            NaN
   7760.0000000000000                            NaN
   7770.0000000000000                            NaN
   7780.0000000000000                            NaN
   7790.0000000000000                            NaN
   7800.0000000000000                            NaN
   7810.0000000000000                            NaN
   7820.0000000000000                            NaN
   7830.0000000000000                            NaN
   7840.0000000000000                            NaN
   7850.0000000000000                            NaN
   7860.0000000000000                            NaN
   7870.0000000000000                            NaN
   7880.0000000000000                            NaN
   7890.0000000000000                            NaN
   7900.0000000000000                            NaN
   7910.0000000000000                            NaN
   7920.0000000000000                            NaN
   7930.0000000000000                            NaN
   7940.0000000000000                            NaN
   7950.0000000000000                            NaN
   7960.0000000000000                            NaN
   7970.0000000000000                            NaN
   7980.0000000000000                            NaN
   7990.0000000000000                            NaN
   8000.0000000000000                            NaN
   8010.0000000000000                            NaN
   8020.0000000000000                            NaN
   8030.0000000000000                            NaN
   8040.0000000000000                            NaN
   8050.0000000000000                            NaN
   8060.0000000000000                            NaN
   8070.0000000000000                            NaN
   8080.0000000000000                            NaN
   8090.0000000000000                            NaN
   8100.0000000000000                            NaN
   8110.0000000000000                            NaN
   8120.0000000000000                            NaN
   8130.0000000000000                            NaN
   8140.0000000000000                            NaN
   8150.0000000000000                            NaN
   8160.0000000000000                            NaN
   8170.0000000000000                            NaN
   8180.0000000000000                            NaN
   8190.0000000000000                            NaN
   8200.0000000000000                            NaN
   8210.0000000000000                            NaN
   8220.0000000000000                            NaN
   8230.0000000000000                            NaN
   8240.0000000000000                            NaN
   8250.0000000000000                            NaN
   8260.0000000000000                            NaN
   8270.0000000000000                            NaN
   8280.0000000000000                            NaN
   8290.0000000000000                            NaN
   8300.0000000000000                            NaN
   8310.0000000000000                            NaN
   8320.0000000000000                            NaN
   8330.0000000000000                            NaN
   8340.0000000000000                            NaN
   8350.0000000000000                            NaN
   8360.0000000000000                            NaN
   8370.0000000000000                            NaN
   8380.0000000000000                            NaN
   8390.0000000000000                            NaN
   8400.0000000000000                            NaN
   8410.0000000000000                            NaN
   8420.0000000000000                            NaN
   8430.0000000000000                            NaN
   8440.0000000000000                            NaN
   8450.0000000000000                            NaN
   8460.0000000000000                            NaN
   8470.0000000000000                            NaN
   8480.0000000000000                            NaN
   8490.0000000000000                            NaN
   8500.0000000000000                            NaN
   8510.0000000000000                            NaN
   8520.0000000000000                            NaN
   8530.0000000000000                            NaN
   8540.0000000000000                            NaN
   8550.0000000000000                            NaN
   8560.0000000000000                            NaN
   8570.0000000000000                            NaN
   8580.0000000000000                            NaN
   8590.0000000000000                            NaN
   8600.0000000000000                            NaN
   8610.0000000000000                            NaN
   8620.0000000000000                            NaN
   8630.0000000000000                            NaN
   8640.0000000000000                            NaN
   8650.0000000000000                            NaN
   8660.0000000000000                            NaN
   8670.0000000000000                            NaN
   8680.0000000000000                            NaN
   8690.0000000000000                            NaN
   8700.0000000000000                            NaN
   8710.0000000000000                            NaN
   8720.0000000000000                            NaN
   8730.0000000000000                            NaN
   8740.0000000000000                            NaN
   8750.0000000000000                            NaN
   8760.0000000000000                            NaN
   8770.0000000000000                            NaN
   8780.0000000000000                            NaN
   8790.0000000000000                            NaN
   8800.0000000000000                            NaN
   8810.0000000000000                            NaN
   8820.0000000000000                            NaN
   8830.0000000000000                            NaN
   8840.0000000000000                            NaN
   8850.0000000000000                            NaN
   8860.0000000000000                            NaN
   8870.0000000000000                            NaN
   8880.0000000000000                            NaN
   8890.0000000000000                            NaN
   8900.0000000000000                            NaN
   8910.0000000000000                            NaN
   8920.0000000000000                            NaN
   8930.0000000000000                            NaN
   8940.0000000000000                            NaN
   8950.0000000000000                            NaN
   8960.0000000000000                            NaN
   8970.0000000000000                            NaN
   8980.0000000000000                            NaN
   8990.0000000000000                            NaN
   9000.0000000000000                            NaN
   9010.0000000000000                            NaN
   9020.0000000000000                            NaN
   9030.0000000000000                            NaN
   9040.0000000000000                            NaN
   9050.0000000000000                            NaN
   9060.0000000000000                            NaN
   9070.0000000000000                            NaN
   9080.0000000000000                            NaN
   9090.0000000000000                            NaN
   9100.0000000000000                            NaN
   9110.0000000000000                            NaN
   9120.0000000000000                            NaN
   9130.0000000000000                            NaN
   9140.0000000000000                            NaN
   9150.0000000000000                            NaN
   9160.0000000000000                            NaN
   9170.0000000000000                            NaN
   9180.0000000000000                            NaN
   9190.0000000000000                            NaN
   9200.0000000000000                            NaN
   9210.0000000000000                            NaN
   9220.0000000000000                            NaN
   9230.0000000000000                            NaN
   9240.0000000000000                            NaN
   9250.0000000000000                            NaN
   9260.0000000000000                            NaN
   9270.0000000000000                            NaN
   9280.0000000000000                            NaN
   9290.0000000000000                            NaN
   9300.0000000000000                            NaN
   9310.0000000000000                            NaN
   9320.0000000000000                            NaN
   9330.0000000000000                            NaN
   9340.0000000000000                            NaN
   9350.0000000000000                            NaN
   9360.0000000000000                            NaN
   9370.0000000000000                            NaN
   9380.0000000000000                            NaN
   9390.0000000000000                            NaN
   9400.0000000000000                            NaN
   9410.0000000000000                            NaN
   9420.0000000000000                            NaN
   9430.0000000000000                            NaN
   9440.0000000000000                            NaN
   9450.0000000000000                            NaN
   9460.0000000000000                            NaN
   9470.0000000000000                            NaN
   9480.0000000000000                            NaN
   9490.0000000000000                            NaN
   9500.0000000000000                            NaN
   9510.0000000000000                            NaN
   9520.0000000000000                            NaN
   9530.0000000000000                            NaN
   9540.0000000000000                            NaN
   9550.0000000000000                            NaN
   9560.0000000000000                            NaN
   9570.0000000000000                            NaN
   9580.0000000000000                            NaN
   9590.0000000000000                            NaN
   9600.0000000000000                            NaN
   9610.0000000000000                            NaN
   9620.0000000000000                            NaN
   9630.0000000000000                            NaN
   9640.0000000000000                            NaN
   9650.0000000000000                            NaN
   9660.0000000000000                            NaN
   9670.0000000000000                            NaN
   9680.0000000000000                            NaN
   9690.0000000000000                            NaN
   9700.0000000000000                            NaN
   9710.0000000000000                            NaN
   9720.0000000000000                            NaN
   9730.0000000000000                            NaN
   9740.0000000000000                            NaN
   9750.0000000000000                            NaN
   9760.0000000000000                            NaN
   9770.0000000000000                            NaN
   9780.0000000000000                            NaN
   9790.0000000000000                            NaN
   9800.0000000000000                            NaN
   9810.0000000000000                            NaN
   9820.0000000000000                            NaN
   9830.0000000000000                            NaN
   9840.0000000000000                            NaN
   9850.0000000000000                            NaN
   9860.0000000000000                            NaN
   9870.0000000000000                            NaN
   9880.0000000000000                            NaN
   9890.0000000000000                            NaN
   9900.0000000000000                            NaN
   9910.0000000000000                            NaN
   9920.0000000000000                            NaN
   9930.0000000000000                            NaN
   9940.0000000000000                            NaN
   9950.0000000000000                            NaN
   9960.0000000000000                            NaN
   9970.0000000000000                            NaN
   9980.0000000000000                            NaN
   9990.0000000000000                            NaN
   10000.000000000000                            NaN
