 t x
   0.0000000000000000        1.0000000000000000     
   1.0000000000000000E-002  0.99019705354834420     
   2.0000000000000000E-002  0.98077684104372154     
   2.9999999999999999E-002  0.97172318059715190     
   4.0000000000000001E-002  0.96302097740312864     
   5.0000000000000003E-002  0.95465612862987559     
   6.0000000000000005E-002  0.94661543812444060     
   7.0000000000000007E-002  0.93888653975719849     
   8.0000000000000002E-002  0.93145782838997415     
   8.9999999999999997E-002  0.92431839758750067     
   9.9999999999999992E-002  0.91745798330731054     
  0.10999999999999999       0.91086691290169397     
  0.11999999999999998       0.90453605884975807     
  0.12999999999999998       0.89845679671010814     
  0.13999999999999999       0.89262096684709746     
  0.14999999999999999       0.88702083953749122     
  0.16000000000000000       0.88164908311104484     
  0.17000000000000001       0.87649873481897633     
  0.18000000000000002       0.87156317415951989     
  0.19000000000000003       0.86683609842043274     
  0.20000000000000004       0.86231150022513914     
  0.21000000000000005       0.85798364689266049     
  0.22000000000000006       0.85384706144207012     
  0.23000000000000007       0.84989650509030612     
  0.24000000000000007       0.84612696110811181     
  0.25000000000000006       0.84253361991293341     
  0.26000000000000006       0.83911186529003501     
  0.27000000000000007       0.83585726164409402     
  0.28000000000000008       0.83276554219330201     
  0.29000000000000009       0.82983259802666942     
  0.30000000000000010       0.82705446795294812     
  0.31000000000000011       0.82442732907646588     
  0.32000000000000012       0.82194748804130469     
  0.33000000000000013       0.81961137289074526     
  0.34000000000000014       0.81741552549381047     
  0.35000000000000014       0.81535659449514719     
  0.36000000000000015       0.81343132874843760     
  0.37000000000000016       0.81163657119708488     
  0.38000000000000017       0.80996925316911561     
  0.39000000000000018       0.80842638905612141     
  0.40000000000000019       0.80700507134866140     
  0.41000000000000020       0.80570246600289364     
  0.42000000000000021       0.80451580811532508     
  0.43000000000000022       0.80344239788448801     
  0.44000000000000022       0.80247959684009162     
  0.45000000000000023       0.80162482432177251     
  0.46000000000000024       0.80087555419099965     
  0.47000000000000025       0.80022931176098788     
  0.48000000000000026       0.79968367093065562     
  0.49000000000000027       0.79923625150973843     
  0.50000000000000022       0.79888471672314565     
  0.51000000000000023       0.79862677088354139     
  0.52000000000000024       0.79846015722194175     
  0.53000000000000025       0.79838265586686208     
  0.54000000000000026       0.79839208196322431     
  0.55000000000000027       0.79848628392285115     
  0.56000000000000028       0.79866314179893949     
  0.57000000000000028       0.79892056577741988     
  0.58000000000000029       0.79925649477858052     
  0.59000000000000030       0.79966889516276618     
  0.60000000000000031       0.80015575953435580     
  0.61000000000000032       0.80071510563858506     
  0.62000000000000033       0.80134497534610949     
  0.63000000000000034       0.80204343372050779     
  0.64000000000000035       0.80280856816420232     
  0.65000000000000036       0.80363848763852697     
  0.66000000000000036       0.80453132195390764     
  0.67000000000000037       0.80548522112633369     
  0.68000000000000038       0.80649835479649468     
  0.69000000000000039       0.80756891170813783     
  0.70000000000000040       0.80869509924236749     
  0.71000000000000041       0.80987514300475982     
  0.72000000000000042       0.81110728646230668     
  0.73000000000000043       0.81238979062733241     
  0.74000000000000044       0.81372093378564558     
  0.75000000000000044       0.81509901126630047     
  0.76000000000000045       0.81652233525044238     
  0.77000000000000046       0.81798923461680884     
  0.78000000000000047       0.81949805482154492     
  0.79000000000000048       0.82104715781007542     
  0.80000000000000049       0.82263492195885146     
  0.81000000000000050       0.82425974204486485     
  0.82000000000000051       0.82592002924088892     
  0.83000000000000052       0.82761421113447153     
  0.84000000000000052       0.82934073176876677     
  0.85000000000000053       0.83109805170335105     
  0.86000000000000054       0.83288464809322560     
  0.87000000000000055       0.83469901478426234     
  0.88000000000000056       0.83653966242340327     
  0.89000000000000057       0.83840511858197408     
  0.90000000000000058       0.84029392789052437     
  0.91000000000000059       0.84220465218365570     
  0.92000000000000060       0.84413587065334794     
  0.93000000000000060       0.84608618000934210     
  0.94000000000000061       0.84805419464518750     
  0.95000000000000062       0.85003854680860802     
  0.96000000000000063       0.85203788677488934     
  0.97000000000000064       0.85405088302204002     
  0.98000000000000065       0.85607622240652348     
  0.99000000000000066       0.85811261033840991     
   1.0000000000000007       0.86015877095484305     
   1.0100000000000007       0.86221344729076776     
   1.0200000000000007       0.86427540144591208     
   1.0300000000000007       0.86634341474706700     
   1.0400000000000007       0.86841628790475789     
   1.0500000000000007       0.87049284116345105     
   1.0600000000000007       0.87257191444448823     
   1.0700000000000007       0.87465236748099362     
   1.0800000000000007       0.87673307994404737     
   1.0900000000000007       0.87881295155947037     
   1.1000000000000008       0.88089090221461586     
   1.1100000000000008       0.88296587205461319     
   1.1200000000000008       0.88503682156755914     
   1.1300000000000008       0.88710273165820219     
   1.1400000000000008       0.88916260370971500     
   1.1500000000000008       0.89121545963319793     
   1.1600000000000008       0.89326034190460568     
   1.1700000000000008       0.89529631358883688     
   1.1800000000000008       0.89732245835077162     
   1.1900000000000008       0.89933788045308993     
   1.2000000000000008       0.90134170474074748     
   1.2100000000000009       0.90333307661202900     
   1.2200000000000009       0.90531116197614259     
   1.2300000000000009       0.90727514719735891     
   1.2400000000000009       0.90922423902573979     
   1.2500000000000009       0.91115766451453906     
   1.2600000000000009       0.91307467092439476     
   1.2700000000000009       0.91497452561446790     
   1.2800000000000009       0.91685651592071726     
   1.2900000000000009       0.91871994902152976     
   1.3000000000000009       0.92056415179095863     
   1.3100000000000009       0.92238847063984852     
   1.3200000000000010       0.92419227134515447     
   1.3300000000000010       0.92597493886778470     
   1.3400000000000010       0.92773587715932326     
   1.3500000000000010       0.92947450895800698     
   1.3600000000000010       0.93119027557435119     
   1.3700000000000010       0.93288263666683724     
   1.3800000000000010       0.93455107000808868     
   1.3900000000000010       0.93619507124197809     
   1.4000000000000010       0.93781415363211773     
   1.4100000000000010       0.93940784780219666     
   1.4200000000000010       0.94097570146863740     
   1.4300000000000010       0.94251727916604922     
   1.4400000000000011       0.94403216196596185     
   1.4500000000000011       0.94551994718932642     
   1.4600000000000011       0.94698024811327175     
   1.4700000000000011       0.94841269367260428     
   1.4800000000000011       0.94981692815653940     
   1.4900000000000011       0.95119261090114915     
   1.5000000000000011       0.95253941597800662     
   1.5100000000000011       0.95385703187950344     
   1.5200000000000011       0.95514516120130843     
   1.5300000000000011       0.95640352032243148     
   1.5400000000000011       0.95763183908334382     
   1.5500000000000012       0.95882986046260033     
   1.5600000000000012       0.95999734025239691     
   1.5700000000000012       0.96113404673348535     
   1.5800000000000012       0.96223976034985703     
   1.5900000000000012       0.96331427338359266     
   1.6000000000000012       0.96435738963026463     
   1.6100000000000012       0.96536892407526143     
   1.6200000000000012       0.96634870257139360     
   1.6300000000000012       0.96729656151812249     
   1.6400000000000012       0.96821234754274110     
   1.6500000000000012       0.96909591718381904     
   1.6600000000000013       0.96994713657721077     
   1.6700000000000013       0.97076588114490836     
   1.6800000000000013       0.97155203528700718     
   1.6900000000000013       0.97230549207703487     
   1.7000000000000013       0.97302615296088124     
   1.7100000000000013       0.97371392745954843     
   1.7200000000000013       0.97436873287592862     
   1.7300000000000013       0.97499049400579851     
   1.7400000000000013       0.97557914285320746     
   1.7500000000000013       0.97613461835041915     
   1.7600000000000013       0.97665686608255475     
   1.7700000000000014       0.97714583801706933     
   1.7800000000000014       0.97760149223818082     
   1.7900000000000014       0.97802379268635709     
   1.8000000000000014       0.97841270890295318     
   1.8100000000000014       0.97876821578007978     
   1.8200000000000014       0.97909029331576869     
   1.8300000000000014       0.97937892637449298     
   1.8400000000000014       0.97963410445308508     
   1.8500000000000014       0.97985582145208694     
   1.8600000000000014       0.98004407545255534     
   1.8700000000000014       0.98019886849833515     
   1.8800000000000014       0.98032020638380413     
   1.8900000000000015       0.98040809844708376     
   1.9000000000000015       0.98046255736870214     
   1.9100000000000015       0.98048359897568549     
   1.9200000000000015       0.98047124205104952     
   1.9300000000000015       0.98042550814865248     
   1.9400000000000015       0.98034642141336514     
   1.9500000000000015       0.98023400840650865     
   1.9600000000000015       0.98008829793650187     
   1.9700000000000015       0.97990932089465721     
   1.9800000000000015       0.97969711009605753     
   1.9900000000000015       0.97945170012544169     
   2.0000000000000013       0.97917312718802296     
   2.0100000000000011       0.97886142896515960     
   2.0200000000000009       0.97851664447479447     
   2.0300000000000007       0.97813881393657554     
   2.0400000000000005       0.97772797864156802     
   2.0500000000000003       0.97728418082646606     
   2.0600000000000001       0.97680746355220793     
   2.0699999999999998       0.97629787058689910     
   2.0799999999999996       0.97575544629294442     
   2.0899999999999994       0.97518023551829014     
   2.0999999999999992       0.97457228349167402     
   2.1099999999999990       0.97393163572178254     
   2.1199999999999988       0.97325833790021288     
   2.1299999999999986       0.97255243580813688     
   2.1399999999999983       0.97181397522656354     
   2.1499999999999981       0.97104300185009806     
   2.1599999999999979       0.97023956120409394     
   2.1699999999999977       0.96940369856509601     
   2.1799999999999975       0.96853545888447312     
   2.1899999999999973       0.96763488671513831     
   2.1999999999999971       0.96670202614125722     
   2.2099999999999969       0.96573692071084427     
   2.2199999999999966       0.96473961337114955     
   2.2299999999999964       0.96371014640673824     
   2.2399999999999962       0.96264856138016719     
   2.2499999999999960       0.96155489907516434     
   2.2599999999999958       0.96042919944221761     
   2.2699999999999956       0.95927150154648200     
   2.2799999999999954       0.95808184351791514     
   2.2899999999999952       0.95686026250355238     
   2.2999999999999949       0.95560679462183606     
   2.3099999999999947       0.95432147491891284     
   2.3199999999999945       0.95300433732681711     
   2.3299999999999943       0.95165541462345893     
   2.3399999999999941       0.95027473839433707     
   2.3499999999999939       0.94886233899589978     
   2.3599999999999937       0.94741824552047749     
   2.3699999999999934       0.94594248576271456     
   2.3799999999999932       0.94443508618742678     
   2.3899999999999930       0.94289607189881663     
   2.3999999999999928       0.94132546661097638     
   2.4099999999999926       0.93972329261961451     
   2.4199999999999924       0.93808957077494004     
   2.4299999999999922       0.93642432045564361     
   2.4399999999999920       0.93472755954391384     
   2.4499999999999917       0.93299930440143097     
   2.4599999999999915       0.93123956984628042     
   2.4699999999999913       0.92944836913073248     
   2.4799999999999911       0.92762571391983351     
   2.4899999999999909       0.92577161427075838     
   2.4999999999999907       0.92388607861287375     
   2.5099999999999905       0.92196911372846524     
   2.5199999999999902       0.92002072473408081     
   2.5299999999999900       0.91804091506244734     
   2.5399999999999898       0.91602968644491645     
   2.5499999999999896       0.91398703889439903     
   2.5599999999999894       0.91191297068874766     
   2.5699999999999892       0.90980747835455023     
   2.5799999999999890       0.90767055665129703     
   2.5899999999999888       0.90550219855588687     
   2.5999999999999885       0.90330239524743794     
   2.6099999999999883       0.90107113609237188     
   2.6199999999999881       0.89880840862973999     
   2.6299999999999879       0.89651419855676207     
   2.6399999999999877       0.89418848971455045     
   2.6499999999999875       0.89183126407399205     
   2.6599999999999873       0.88944250172176287     
   2.6699999999999871       0.88702218084645201     
   2.6799999999999868       0.88457027772477126     
   2.6899999999999866       0.88208676670782971     
   2.6999999999999864       0.87957162020745194     
   2.7099999999999862       0.87702480868252242     
   2.7199999999999860       0.87444630062533679     
   2.7299999999999858       0.87183606254794410     
   2.7399999999999856       0.86919405896846436     
   2.7499999999999853       0.86652025239736707     
   2.7599999999999851       0.86381460332369775     
   2.7699999999999849       0.86107707020123991     
   2.7799999999999847       0.85830760943460227     
   2.7899999999999845       0.85550617536522089     
   2.7999999999999843       0.85267272025726759     
   2.8099999999999841       0.84980719428345752     
   2.8199999999999839       0.84690954551074893     
   2.8299999999999836       0.84397971988593001     
   2.8399999999999834       0.84101766122108867     
   2.8499999999999832       0.83802331117896234     
   2.8599999999999830       0.83499660925816488     
   2.8699999999999828       0.83193749277829132     
   2.8799999999999826       0.82884589686489951     
   2.8899999999999824       0.82572175443437024     
   2.8999999999999821       0.82256499617864953     
   2.9099999999999819       0.81937555054987565     
   2.9199999999999817       0.81615334374489701     
   2.9299999999999815       0.81289829968968608     
   2.9399999999999813       0.80961034002365850     
   2.9499999999999811       0.80628938408390449     
   2.9599999999999809       0.80293534888934404     
   2.9699999999999807       0.79954814912481709     
   2.9799999999999804       0.79612769712512133     
   2.9899999999999802       0.79267390285901218     
   2.9999999999999800       0.78918667391318109     
   3.0099999999999798       0.78566591547622910     
   3.0199999999999796       0.78211153032265479     
   3.0299999999999794       0.77852341879687714     
   3.0399999999999792       0.77490147879731575     
   3.0499999999999790       0.77124560576055157     
   3.0599999999999787       0.76755569264559553     
   3.0699999999999785       0.76383162991829046     
   3.0799999999999783       0.76007330553587804     
   3.0899999999999781       0.75628060493176064     
   3.0999999999999779       0.75245341100049257     
   3.1099999999999777       0.74859160408303638     
   3.1199999999999775       0.74469506195232160     
   3.1299999999999772       0.74076365979914749     
   3.1399999999999770       0.73679727021847130     
   3.1499999999999768       0.73279576319612771     
   3.1599999999999766       0.72875900609602806     
   3.1699999999999764       0.72468686364788881     
   3.1799999999999762       0.72057919793554370     
   3.1899999999999760       0.71643586838589535     
   3.1999999999999758       0.71225673175856596     
   3.2099999999999755       0.70804164213631016     
   3.2199999999999753       0.70379045091625525     
   3.2299999999999751       0.69950300680203925     
   3.2399999999999749       0.69517915579691880     
   3.2499999999999747       0.69081874119792486     
   3.2599999999999745       0.68642160359114546     
   3.2699999999999743       0.68198758084822209     
   3.2799999999999740       0.67751650812414699     
   3.2899999999999738       0.67300821785645593     
   3.2999999999999736       0.66846253976591352     
   3.3099999999999734       0.66387930085879465     
   3.3199999999999732       0.65925832543086871     
   3.3299999999999730       0.65459943507320006     
   3.3399999999999728       0.64990244867988201     
   3.3499999999999726       0.64516718245782856     
   3.3599999999999723       0.64039344993875280     
   3.3699999999999721       0.63558106199346653     
   3.3799999999999719       0.63072982684864365     
   3.3899999999999717       0.62583955010619341     
   3.3999999999999715       0.62091003476539919     
   3.4099999999999713       0.61594108124798252     
   3.4199999999999711       0.61093248742626172     
   3.4299999999999708       0.60588404865457879     
   3.4399999999999706       0.60079555780417948     
   3.4499999999999704       0.59566680530173510     
   3.4599999999999702       0.59049757917170642     
   3.4699999999999700       0.58528766508275487     
   3.4799999999999698       0.58003684639841824     
   3.4899999999999696       0.57474490423227342     
   3.4999999999999694       0.56941161750781999     
   3.5099999999999691       0.56403676302332739     
   3.5199999999999689       0.55862011552189639     
   3.5299999999999687       0.55316144776699760     
   3.5399999999999685       0.54766053062375764     
   3.5499999999999683       0.54211713314627530     
   3.5599999999999681       0.53653102267125963     
   3.5699999999999679       0.53090196491829200     
   3.5799999999999677       0.52522972409702695     
   3.5899999999999674       0.51951406302165481     
   3.5999999999999672       0.51375474323296311     
   3.6099999999999670       0.50795152512834274     
   3.6199999999999668       0.50210416810009828     
   3.6299999999999666       0.49621243068243132     
   3.6399999999999664       0.49027607070747919     
   3.6499999999999662       0.48429484547080226     
   3.6599999999999659       0.47826851190672476     
   3.6699999999999657       0.47219682677394553     
   3.6799999999999655       0.46607954685184755     
   3.6899999999999653       0.45991642914794550     
   3.6999999999999651       0.45370723111692335     
   3.7099999999999649       0.44745171089172336     
   3.7199999999999647       0.44114962752716103     
   3.7299999999999645       0.43480074125654872     
   3.7399999999999642       0.42840481376182316     
   3.7499999999999640       0.42196160845767988     
   3.7599999999999638       0.41547089079022803     
   3.7699999999999636       0.40893242855068712     
   3.7799999999999634       0.40234599220465495     
   3.7899999999999632       0.39571135523748335     
   3.7999999999999630       0.38902829451630377     
   3.8099999999999627       0.38229659066925059     
   3.8199999999999625       0.37551602848243282     
   3.8299999999999623       0.36868639731520814     
   3.8399999999999621       0.36180749153431396     
   3.8499999999999619       0.35487911096740932     
   3.8599999999999617       0.34790106137657939     
   3.8699999999999615       0.34087315495234988     
   3.8799999999999613       0.33379521082875252     
   3.8899999999999610       0.32666705561997317     
   3.8999999999999608       0.31948852397910399     
   3.9099999999999606       0.31225945917950648     
   3.9199999999999604       0.30497971371927501     
   3.9299999999999602       0.29764914994927150     
   3.9399999999999600       0.29026764072517719     
   3.9499999999999598       0.28283507008398129     
   3.9599999999999596       0.27535133394529521     
   3.9699999999999593       0.26781634083784522     
   3.9799999999999591       0.26023001265145856     
   3.9899999999999589       0.25259228541481205     
   3.9999999999999587       0.24490311009916460     
   4.0099999999999589       0.23716245344824011     
   4.0199999999999587       0.22937029883436769     
   4.0299999999999585       0.22152664714092080     
   4.0399999999999583       0.21363151767102515     
   4.0499999999999581       0.20568494908242757     
   4.0599999999999579       0.19768700034833414     
   4.0699999999999577       0.18963775174393391     
   4.0799999999999574       0.18153730585822744     
   4.0899999999999572       0.17338578863067333     
   4.0999999999999570       0.16518335041205351     
   4.1099999999999568       0.15693016704883769     
   4.1199999999999566       0.14862644099019925     
   4.1299999999999564       0.14027240241669869     
   4.1399999999999562       0.13186831038950769     
   4.1499999999999559       0.12341445401889410     
   4.1599999999999557       0.11491115365052931     
   4.1699999999999555       0.10635876206801163     
   4.1799999999999553        9.7757665709824276E-002
   4.1899999999999551        8.9108285898763837E-002
   4.1999999999999549        8.0411080081685488E-002
   4.2099999999999547        7.1666543077214429E-002
   4.2199999999999545        6.2875208328870127E-002
   4.2299999999999542        5.4037649160841056E-002
   4.2399999999999540        4.5154480033433704E-002
   4.2499999999999538        3.6226357795001073E-002
   4.2599999999999536        2.7253982926933790E-002
   4.2699999999999534        1.8238100778072419E-002
   4.2799999999999532        9.1795027846731676E-003
   4.2899999999999530        7.9027671832669968E-005
   4.2999999999999527       -9.0624373679479443E-003
   4.3099999999999525       -1.8243955523602709E-002
   4.3199999999999523       -2.7464539246506096E-002
   4.3299999999999521       -3.6723149168619081E-002
   4.3399999999999519       -4.6018693062956730E-002
   4.3499999999999517       -5.5350024851754026E-002
   4.3599999999999515       -6.4715943667890824E-002
   4.3699999999999513       -7.4115192975307248E-002
   4.3799999999999510       -8.3546459754295019E-002
   4.3899999999999508       -9.3008373757685614E-002
   4.3999999999999506      -0.10249950684407080     
   4.4099999999999504      -0.11201837239428199     
   4.4199999999999502      -0.12156342481741950     
   4.4299999999999500      -0.13113305915275933     
   4.4399999999999498      -0.14072561077386925     
   4.4499999999999496      -0.15033935520123778     
   4.4599999999999493      -0.15997250802965385     
   4.4699999999999491      -0.16962322497647145     
   4.4799999999999489      -0.17928960205674890     
   4.4899999999999487      -0.18896967589106475     
   4.4999999999999485      -0.19866142415157992     
   4.5099999999999483      -0.20836276615163712     
   4.5199999999999481      -0.21807156358386237     
   4.5299999999999478      -0.22778562141135747     
   4.5399999999999476      -0.23750268891614901     
   4.5499999999999474      -0.24722046090858396     
   4.5599999999999472      -0.25693657910083928     
   4.5699999999999470      -0.26664863364713998     
   4.5799999999999468      -0.27635416485266012     
   4.5899999999999466      -0.28605066505241500     
   4.5999999999999464      -0.29573558066074263     
   4.6099999999999461      -0.30540631439122234     
   4.6199999999999459      -0.31506022764608871     
   4.6299999999999457      -0.32469464307337698     
   4.6399999999999455      -0.33430684728918464     
   4.6499999999999453      -0.34389409376155700     
   4.6599999999999451      -0.35345360585161067     
   4.6699999999999449      -0.36298258000660022     
   4.6799999999999446      -0.37247818909872094     
   4.6899999999999444      -0.38193758590252636     
   4.6999999999999442      -0.39135790670293508     
   4.7099999999999440      -0.40073627502491160     
   4.7199999999999438      -0.41006980547503991     
   4.7299999999999436      -0.41935560768437352     
   4.7399999999999434      -0.42859079034114955     
   4.7499999999999432      -0.43777246530120606     
   4.7599999999999429      -0.44689775176324670     
   4.7699999999999427      -0.45596378049546515     
   4.7799999999999425      -0.46496769809947841     
   4.7899999999999423      -0.47390667129703024     
   4.7999999999999421      -0.48277789122452158     
   4.8099999999999419      -0.49157857772010544     
   4.8199999999999417      -0.50030598358785816     
   4.8299999999999415      -0.50895739882340851     
   4.8399999999999412      -0.51753015478537379     
   4.8499999999999410      -0.52602162829702293     
   4.8599999999999408      -0.53442924566275629     
   4.8699999999999406      -0.54275048658426595     
   4.8799999999999404      -0.55098288796161565     
   4.8899999999999402      -0.55912404756495027     
   4.8999999999999400      -0.56717162756311779     
   4.9099999999999397      -0.57512335789614433     
   4.9199999999999395      -0.58297703947925328     
   4.9299999999999393      -0.59073054722694851     
   4.9399999999999391      -0.59838183288658398     
   4.9499999999999389      -0.60592892767181217     
   4.9599999999999387      -0.61336994468733352     
   4.9699999999999385      -0.62070308113744588     
   4.9799999999999383      -0.62792662031201230     
   4.9899999999999380      -0.63503893334461636     
   4.9999999999999378      -0.64203848073884418     
   5.0099999999999376      -0.64892381365981655     
   5.0199999999999374      -0.65569357498927872     
   5.0299999999999372      -0.66234650014373231     
   5.0399999999999370      -0.66888141765625453     
   5.0499999999999368      -0.67529724952378267     
   5.0599999999999365      -0.68159301132274108     
   5.0699999999999363      -0.68776781209694449     
   5.0799999999999361      -0.69382085402271798     
   5.0899999999999359      -0.69975143185712285     
   5.0999999999999357      -0.70555893217606591     
   5.1099999999999355      -0.71124283240988895     
   5.1199999999999353      -0.71680269968478350     
   5.1299999999999351      -0.72223818947904761     
   5.1399999999999348      -0.72754904410379906     
   5.1499999999999346      -0.73273509101827183     
   5.1599999999999344      -0.73779624099026098     
   5.1699999999999342      -0.74273248611263509     
   5.1799999999999340      -0.74754389768711038     
   5.1899999999999338      -0.75223062398668050     
   5.1999999999999336      -0.75679288790821375     
   5.2099999999999334      -0.76123098452678128     
   5.2199999999999331      -0.76554527856325405     
   5.2299999999999329      -0.76973620177661994     
   5.2399999999999327      -0.77380425029231958     
   5.2499999999999325      -0.77774998187769107     
   5.2599999999999323      -0.78157401317535014     
   5.2699999999999321      -0.78527701690502105     
   5.2799999999999319      -0.78885971904397922     
   5.2899999999999316      -0.79232289599587313     
   5.2999999999999314      -0.79566737175726532     
   5.3099999999999312      -0.79889401509077862     
   5.3199999999999310      -0.80200373671325431     
   5.3299999999999308      -0.80499748650683167     
   5.3399999999999306      -0.80787625076034819     
   5.3499999999999304      -0.81064104944793791     
   5.3599999999999302      -0.81329293355117893     
   5.3699999999999299      -0.81583298243061486     
   5.3799999999999297      -0.81826230125194754     
   5.3899999999999295      -0.82058201847167966     
   5.3999999999999293      -0.82279328338647295     
   5.4099999999999291      -0.82489726374998795     
   5.4199999999999289      -0.82689514346048376     
   5.4299999999999287      -0.82878812032198579     
   5.4399999999999284      -0.83057740388137502     
   5.4499999999999282      -0.83226421334331901     
   5.4599999999999280      -0.83384977556454942     
   5.4699999999999278      -0.83533532312859893     
   5.4799999999999276      -0.83672209250174090     
   5.4899999999999274      -0.83801132227052411     
   5.4999999999999272      -0.83920425146097433     
   5.5099999999999270      -0.84030211793922904     
   5.5199999999999267      -0.84130615689309440     
   5.5299999999999265      -0.84221759939375829     
   5.5399999999999263      -0.84303767103665839     
   5.5499999999999261      -0.84376759066029339     
   5.5599999999999259      -0.84440856914157536     
   5.5699999999999257      -0.84496180826615108     
   5.5799999999999255      -0.84542849967197142     
   5.5899999999999253      -0.84580982386425607     
   5.5999999999999250      -0.84610694929988939     
   5.6099999999999248      -0.84632103153918647     
   5.6199999999999246      -0.84645321246289107     
   5.6299999999999244      -0.84650461955220135     
   5.6399999999999242      -0.84647636522957148     
   5.6499999999999240      -0.84636954625799909     
   5.6599999999999238      -0.84618524319648636     
   5.6699999999999235      -0.84592451990934825     
   5.6799999999999233      -0.84558842312704086     
   5.6899999999999231      -0.84517798205618788     
   5.6999999999999229      -0.84469420803650219     
   5.7099999999999227      -0.84413809424232000     
   5.7199999999999225      -0.84351061542649886     
   5.7299999999999223      -0.84281272770446514     
   5.7399999999999221      -0.84204536837624033     
   5.7499999999999218      -0.84120945578432316     
   5.7599999999999216      -0.84030588920535443     
   5.7699999999999214      -0.83933554877354677     
   5.7799999999999212      -0.83829929543392068     
   5.7899999999999210      -0.83719797092344583     
   5.7999999999999208      -0.83603239777825111     
   5.8099999999999206      -0.83480337936512905     
   5.8199999999999203      -0.83351169993562524     
   5.8299999999999201      -0.83215812470106887     
   5.8399999999999199      -0.83074339992696611     
   5.8499999999999197      -0.82926825304524299     
   5.8599999999999195      -0.82773339278289160     
   5.8699999999999193      -0.82613950930563562     
   5.8799999999999191      -0.82448727437529845     
   5.8899999999999189      -0.82277734151961801     
   5.8999999999999186      -0.82101034621331492     
   5.9099999999999184      -0.81918690606928357     
   5.9199999999999182      -0.81730762103883192     
   5.9299999999999180      -0.81537307361995626     
   5.9399999999999178      -0.81338382907269324     
   5.9499999999999176      -0.81134043564064540     
   5.9599999999999174      -0.80924342477783073     
   5.9699999999999172      -0.80709331138005713     
   5.9799999999999169      -0.80489059402007279     
   5.9899999999999167      -0.80263575518579178     
   5.9999999999999165      -0.80032926152093931     
   6.0099999999999163      -0.79797156406750558     
   6.0199999999999161      -0.79556309850944007     
   6.0299999999999159      -0.79310428541705891     
   6.0399999999999157      -0.79059553049167541     
   6.0499999999999154      -0.78803722481000293     
   6.0599999999999152      -0.78542974506791430     
   6.0699999999999150      -0.78277345382317498     
   6.0799999999999148      -0.78006869973680049     
   6.0899999999999146      -0.77731581781271897     
   6.0999999999999144      -0.77451512963544933     
   6.1099999999999142      -0.77166694360553212     
   6.1199999999999140      -0.76877155517247864     
   6.1299999999999137      -0.76582924706502631     
   6.1399999999999135      -0.76284028951851446     
   6.1499999999999133      -0.75980494049921510     
   6.1599999999999131      -0.75672344592547636     
   6.1699999999999129      -0.75359603988555457     
   6.1799999999999127      -0.75042294485203154     
   6.1899999999999125      -0.74720437189273059     
   6.1999999999999122      -0.74394052087806206     
   6.2099999999999120      -0.74063158068474610     
   6.2199999999999118      -0.73727772939587344     
   6.2299999999999116      -0.73387913449728204     
   6.2399999999999114      -0.73043595307023912     
   6.2499999999999112      -0.72694833198043096     
   6.2599999999999110      -0.72341640806327645     
   6.2699999999999108      -0.71984030830558987     
   6.2799999999999105      -0.71622015002363137     
   6.2899999999999103      -0.71255604103759174     
   6.2999999999999101      -0.70884807984257003     
   6.3099999999999099      -0.70509635577610996     
   6.3199999999999097      -0.70130094918237140     
   6.3299999999999095      -0.69746193157302094     
   6.3399999999999093      -0.69357936578493395     
   6.3499999999999091      -0.68965330613480780     
   6.3599999999999088      -0.68568379857079442     
   6.3699999999999086      -0.68167088082126659     
   6.3799999999999084      -0.67761458254083951     
   6.3899999999999082      -0.67351492545377689     
   6.3999999999999080      -0.66937192349491559     
   6.4099999999999078      -0.66518558294825092     
   6.4199999999999076      -0.66095590258333092     
   6.4299999999999073      -0.65668287378961232     
   6.4399999999999071      -0.65236648070893966     
   6.4499999999999069      -0.64800670036631336     
   6.4599999999999067      -0.64360350279911860     
   6.4699999999999065      -0.63915685118499399     
   6.4799999999999063      -0.63466670196852426     
   6.4899999999999061      -0.63013300498694769     
   6.4999999999999059      -0.62555570359507451     
   6.5099999999999056      -0.62093473478961936     
   6.5199999999999054      -0.61627002933315744     
   6.5299999999999052      -0.61156151187791941     
   6.5399999999999050      -0.60680910108964703     
   6.5499999999999048      -0.60201270977173971     
   6.5599999999999046      -0.59717224498992527     
   6.5699999999999044      -0.59228760819769943     
   6.5799999999999041      -0.58735869536278307     
   6.5899999999999039      -0.58238539709485360     
   6.5999999999999037      -0.57736759877481580     
   6.6099999999999035      -0.57230518068588354     
   6.6199999999999033      -0.56719801814675308     
   6.6299999999999031      -0.56204598164715514     
   6.6399999999999029      -0.55684893698608273     
   6.6499999999999027      -0.55160674541299981     
   6.6599999999999024      -0.54631926377234308     
   6.6699999999999022      -0.54098634465164130     
   6.6799999999999020      -0.53560783653358179     
   6.6899999999999018      -0.53018358395236687     
   6.6999999999999016      -0.52471342765470930     
   6.7099999999999014      -0.51919720476582787     
   6.7199999999999012      -0.51363474896081307     
   6.7299999999999010      -0.50802589064174286     
   6.7399999999999007      -0.50237045712093920     
   6.7499999999999005      -0.49666827281076681     
   6.7599999999999003      -0.49091915942038428     
   6.7699999999999001      -0.48512293615987062     
   6.7799999999998999      -0.47927941995215961     
   6.7899999999998997      -0.47338842565322520     
   6.7999999999998995      -0.46744976628097201     
   6.8099999999998992      -0.46146325325329590     
   6.8199999999998990      -0.45542869663578994     
   6.8299999999998988      -0.44934590539958147     
   6.8399999999998986      -0.44321468768979672     
   6.8499999999998984      -0.43703485110515894     
   6.8599999999998982      -0.43080620298923666     
   6.8699999999998980      -0.42452855073386697     
   6.8799999999998978      -0.41820170209528884     
   6.8899999999998975      -0.41182546552352961     
   6.8999999999998973      -0.40539965050559545     
   6.9099999999998971      -0.39892406792302426     
   6.9199999999998969      -0.39239853042436562     
   6.9299999999998967      -0.38582285281315831     
   6.9399999999998965      -0.37919685245198048     
   6.9499999999998963      -0.37252034968315029     
   6.9599999999998960      -0.36579316826665836     
   6.9699999999998958      -0.35901513583591299     
   6.9799999999998956      -0.35218608437187904     
   6.9899999999998954      -0.34530585069618847     
   6.9999999999998952      -0.33837427698379702     
   7.0099999999998950      -0.33139121129575422     
   7.0199999999998948      -0.32435650813264605     
   7.0299999999998946      -0.31727002900925827     
   7.0399999999998943      -0.31013164305099522     
   7.0499999999998941      -0.30294122761257158     
   7.0599999999998939      -0.29569866891947649     
   7.0699999999998937      -0.28840386273268531     
   7.0799999999998935      -0.28105671503706864     
   7.0899999999998933      -0.27365714275391839     
   7.0999999999998931      -0.26620507447797581     
   7.1099999999998929      -0.25870045123930874     
   7.1199999999998926      -0.25114322729034227     
   7.1299999999998924      -0.24353337091829866     
   7.1399999999998922      -0.23587086528325024     
   7.1499999999998920      -0.22815570928193069     
   7.1599999999998918      -0.22038791843738556     
   7.1699999999998916      -0.21256752581447422     
   7.1799999999998914      -0.20469458296115817     
   7.1899999999998911      -0.19676916087542962     
   7.1999999999998909      -0.18879135099764405     
   7.2099999999998907      -0.18076126622792490     
   7.2199999999998905      -0.17267904196820566     
   7.2299999999998903      -0.16454483718836321     
   7.2399999999998901      -0.15635883551577948     
   7.2499999999998899      -0.14812124634754137     
   7.2599999999998897      -0.13983230598435659     
   7.2699999999998894      -0.13149227878512063     
   7.2799999999998892      -0.12310145834092139     
   7.2899999999998890      -0.11466016866711043     
   7.2999999999998888      -0.10616876541190472     
   7.3099999999998886       -9.7627637079809856E-002
   7.3199999999998884       -8.9037206267975441E-002
   7.3299999999998882       -8.0397930913405302E-002
   7.3399999999998879       -7.1710305548750963E-002
   7.3499999999998877       -6.2974862564215056E-002
   7.3599999999998875       -5.4192173472884464E-002
   7.3699999999998873       -4.5362850176600099E-002
   7.3799999999998871       -3.6487546229252758E-002
   7.3899999999998869       -2.7566958094173227E-002
   7.3999999999998867       -1.8601826392060289E-002
   7.4099999999998865       -9.5929371356641892E-003
   7.4199999999998862       -5.4112294721581772E-004
   7.4299999999998860        8.5527357456345494E-003
   7.4399999999998858        1.7687709539829809E-002
   7.4499999999998856        2.6862818917551871E-002
   7.4599999999998854        3.6077033142398816E-002
   7.4699999999998852        4.5329269196200249E-002
   7.4799999999998850        5.4618390761778046E-002
   7.4899999999998847        6.3943207257148693E-002
   7.4999999999998845        7.3302472926839488E-002
   7.5099999999998843        8.2694885996151588E-002
   7.5199999999998841        9.2119087894345669E-002
   7.5299999999998839       0.10157366255284886     
   7.5399999999998837       0.11105713578468132     
   7.5499999999998835       0.12056797475137621     
   7.5599999999998833       0.13010458752371293     
   7.5699999999998830       0.13966532274260102     
   7.5799999999998828       0.14924846938643505     
   7.5899999999998826       0.15885225665118960     
   7.5999999999998824       0.16847485394943332     
   7.6099999999998822       0.17811437103431207     
   7.6199999999998820       0.18776885825437856     
   7.6299999999998818       0.19743630694493003     
   7.6399999999998816       0.20711464996125370     
   7.6499999999998813       0.21680176235887008     
   7.6599999999998811       0.22649546222550651     
   7.6699999999998809       0.23619351166912614     
   7.6799999999998807       0.24589361796588108     
   7.6899999999998805       0.25559343487135161     
   7.6999999999998803       0.26529056409787810     
   7.7099999999998801       0.27498255696018853     
   7.7199999999998798       0.28466691619087336     
   7.7299999999998796       0.29434109792656538     
   7.7399999999998794       0.30400251386494354     
   7.7499999999998792       0.31364853359190431     
   7.7599999999998790       0.32327648707743178     
   7.7699999999998788       0.33288366733785524     
   7.7799999999998786       0.34246733326131384     
   7.7899999999998784       0.35202471259235874     
   7.7999999999998781       0.36155300507071741     
   7.8099999999998779       0.37104938571833251     
   7.8199999999998777       0.38051100826787210     
   7.8299999999998775       0.38993500872499848     
   7.8399999999998773       0.39931850905578603     
   7.8499999999998771       0.40865862098980188     
   7.8599999999998769       0.41795244992851582     
   7.8699999999998766       0.42719709894789365     
   7.8799999999998764       0.43638967288326064     
   7.8899999999998762       0.44552728248380719     
   7.8999999999998760       0.45460704862345114     
   7.9099999999998758       0.46362610655418413     
   7.9199999999998756       0.47258161018751138     
   7.9299999999998754       0.48147073638916049     
   7.9399999999998752       0.49029068927188330     
   7.9499999999998749       0.49903870447091569     
   7.9599999999998747       0.50771205338649505     
   7.9699999999998745       0.51630804737776759     
   7.9799999999998743       0.52482404189245224     
   7.9899999999998741       0.53325744051676105     
   7.9999999999998739       0.54160569893031596     
   8.0099999999998737       0.54986632875113894     
   8.0199999999998735       0.55803690125623207     
   8.0299999999998732       0.56611505096380121     
   8.0399999999998730       0.57409847906380629     
   8.0499999999998728       0.58198495668423955     
   8.0599999999998726       0.58977232798133650     
   8.0699999999998724       0.59745851304280162     
   8.0799999999998722       0.60504151059408062     
   8.0899999999998720       0.61251940049872033     
   8.0999999999998717       0.61989034604491977     
   8.1099999999998715       0.62715259601148377     
   8.1199999999998713       0.63430448650753168     
   8.1299999999998711       0.64134444258147916     
   8.1399999999998709       0.64827097959599367     
   8.1499999999998707       0.65508270436681038     
   8.1599999999998705       0.66177831606447668     
   8.1699999999998703       0.66835660687926413     
   8.1799999999998700       0.67481646245062810     
   8.1899999999998698       0.68115686206371295     
   8.1999999999998696       0.68737687861647168     
   8.2099999999998694       0.69347567836199420     
   8.2199999999998692       0.69945252043161321     
   8.2299999999998690       0.70530675614526384     
   8.2399999999998688       0.71103782811642058     
   8.2499999999998685       0.71664526915970916     
   8.2599999999998683       0.72212870100999049     
   8.2699999999998681       0.72748783286233865     
   8.2799999999998679       0.73272245974287742     
   8.2899999999998677       0.73783246072090602     
   8.2999999999998675       0.74281779697312755     
   8.3099999999998673       0.74767850971109751     
   8.3199999999998671       0.75241471798323400     
   8.3299999999998668       0.75702661636288149     
   8.3399999999998666       0.76151447253399007     
   8.3499999999998664       0.76587862478597735     
   8.3599999999998662       0.77011947942927061     
   8.3699999999998660       0.77423750814290049     
   8.3799999999998658       0.77823324526532456     
   8.3899999999998656       0.78210728503941551     
   8.3999999999998654       0.78586027882225318     
   8.4099999999998651       0.78949293227001960     
   8.4199999999998649       0.79300600250791409     
   8.4299999999998647       0.79640029529459033     
   8.4399999999998645       0.79967666219017097     
   8.4499999999998643       0.80283599773642367     
   8.4599999999998641       0.80587923665718986     
   8.4699999999998639       0.80880735108665247     
   8.4799999999998636       0.81162134783250750     
   8.4899999999998634       0.81432226568058153     
   8.4999999999998632       0.81691117274690650     
   8.5099999999998630       0.81938916388273864     
   8.5199999999998628       0.82175735813748174     
   8.5299999999998626       0.82401689628396391     
   8.5399999999998624       0.82616893841000649     
   8.5499999999998622       0.82821466157973633     
   8.5599999999998619       0.83015525756761133     
   8.5699999999998617       0.83199193066767141     
   8.5799999999998615       0.83372589558008381     
   8.5899999999998613       0.83535837537663027     
   8.5999999999998611       0.83689059954638345     
   8.6099999999998609       0.83832380212244118     
   8.6199999999998607       0.83965921989022974     
   8.6299999999998604       0.84089809067755616     
   8.6399999999998602       0.84204165172627821     
   8.6499999999998600       0.84309113814517289     
   8.6599999999998598       0.84404778144332304     
   8.6699999999998596       0.84491280814309699     
   8.6799999999998594       0.84568743847157823     
   8.6899999999998592       0.84637288512910580     
   8.6999999999998590       0.84697035213340632     
   8.7099999999998587       0.84748103373764427     
   8.7199999999998585       0.84790611342057942     
   8.7299999999998583       0.84824676294690060     
   8.7399999999998581       0.84850414149570397     
   8.7499999999998579       0.84867939485500110     
   8.7599999999998577       0.84877365468006916     
   8.7699999999998575       0.84878803781340573     
   8.7799999999998573       0.84872364566400604     
   8.7899999999998570       0.84858156364365434     
   8.7999999999998568       0.84836286065790445     
   8.8099999999998566       0.84806858864941881     
   8.8199999999998564       0.84769978219133790     
   8.8299999999998562       0.84725745812836872     
   8.8399999999998560       0.84674261526329797     
   8.8499999999998558       0.84615623408666674     
   8.8599999999998555       0.84549927654737811     
   8.8699999999998553       0.84477268586204901     
   8.8799999999998551       0.84397738636096309     
   8.8899999999998549       0.84311428336853289     
   8.8999999999998547       0.84218426311623229     
   8.9099999999998545       0.84118819268601663     
   8.9199999999998543       0.84012691998230882     
   8.9299999999998541       0.83900127373068967     
   8.9399999999998538       0.83781206350149573     
   8.9499999999998536       0.83656007975659030     
   8.9599999999998534       0.83524609391764004     
   8.9699999999998532       0.83387085845429465     
   8.9799999999998530       0.83243510699073220     
   8.9899999999998528       0.83093955442909995     
   8.9999999999998526       0.82938489708844398     
   9.0099999999998523       0.82777181285778600     
   9.0199999999998521       0.82610096136207023     
   9.0299999999998519       0.82437298413976379     
   9.0399999999998517       0.82258850483095802     
   9.0499999999998515       0.82074812937487640     
   9.0599999999998513       0.81885244621575304     
   9.0699999999998511       0.81690202651610500     
   9.0799999999998509       0.81489742437647428     
   9.0899999999998506       0.81283917706077191     
   9.0999999999998504       0.81072780522640564     
   9.1099999999998502       0.80856381315842596     
   9.1199999999998500       0.80634768900697107     
   9.1299999999998498       0.80407990502734028     
   9.1399999999998496       0.80176091782206804     
   9.1499999999998494       0.79939116858441639     
   9.1599999999998492       0.79697108334274180     
   9.1699999999998489       0.79450107320523577     
   9.1799999999998487       0.79198153460457210     
   9.1899999999998485       0.78941284954203372     
   9.1999999999998483       0.78679538583072384     
   9.2099999999998481       0.78412949733750004     
   9.2199999999998479       0.78141552422330163     
   9.2299999999998477       0.77865379318156858     
   9.2399999999998474       0.77584461767448143     
   9.2499999999998472       0.77298829816677472     
   9.2599999999998470       0.77008512235690618     
   9.2699999999998468       0.76713536540538374     
   9.2799999999998466       0.76413929016007898     
   9.2899999999998464       0.76109714737837419     
   9.2999999999998462       0.75800917594601358     
   9.3099999999998460       0.75487560309254564     
   9.3199999999998457       0.75169664460326435     
   9.3299999999998455       0.74847250502757268     
   9.3399999999998453       0.74520337788370894     
   9.3499999999998451       0.74188944585979133     
   9.3599999999998449       0.73853088101115139     
   9.3699999999998447       0.73512784495394046     
   9.3799999999998445       0.73168048905500527     
   9.3899999999998442       0.72818895461804345     
   9.3999999999998440       0.72465337306605826     
   9.4099999999998438       0.72107386612014601     
   9.4199999999998436       0.71745054597465763     
   9.4299999999998434       0.71378351546878671     
   9.4399999999998432       0.71007286825464622     
   9.4499999999998430       0.70631868896190331     
   9.4599999999998428       0.70252105335905279     
   9.4699999999998425       0.69868002851141531     
   9.4799999999998423       0.69479567293595557     
   9.4899999999998421       0.69086803675302300     
   9.4999999999998419       0.68689716183512484     
   9.5099999999998417       0.68288308195284686     
   9.5199999999998415       0.67882582291804716     
   9.5299999999998413       0.67472540272445025     
   9.5399999999998411       0.67058183168577912     
   9.5499999999998408       0.66639511257156747     
   9.5599999999998406       0.66216524074079952     
   9.5699999999998404       0.65789220427353234     
   9.5799999999998402       0.65357598410066153     
   9.5899999999998400       0.64921655413199530     
   9.5999999999998398       0.64481388138281015     
   9.6099999999998396       0.64036792609906501     
   9.6199999999998393       0.63587864188145882     
   9.6299999999998391       0.63134597580852092     
   9.6399999999998389       0.62676986855892936     
   9.6499999999998387       0.62215025453326067     
   9.6599999999998385       0.61748706197537750     
   9.6699999999998383       0.61278021309366959     
   9.6799999999998381       0.60802962418236850     
   9.6899999999998379       0.60323520574316347     
   9.6999999999998376       0.59839686260735203     
   9.7099999999998374       0.59351449405876722     
   9.7199999999998372       0.58858799395772843     
   9.7299999999998370       0.58361725086627103     
   9.7399999999998368       0.57860214817491806     
   9.7499999999998366       0.57354256423126304     
   9.7599999999998364       0.56843837247064222     
   9.7699999999998361       0.56328944154918270     
   9.7799999999998359       0.55809563547951968     
   9.7899999999998357       0.55285681376948581     
   9.7999999999998355       0.54757283156408387     
   9.8099999999998353       0.54224353979106232     
   9.8199999999998351       0.53686878531042392     
   9.8299999999998349       0.53144841106820462     
   9.8399999999998347       0.52598225625487127     
   9.8499999999998344       0.52047015646869588     
   9.8599999999998342       0.51491194388447370     
   9.8699999999998340       0.50930744742796219     
   9.8799999999998338       0.50365649295643000     
   9.8899999999998336       0.49795890344571214     
   9.8999999999998334       0.49221449918418181     
   9.9099999999998332       0.48642309797405670     
   9.9199999999998330       0.48058451534047048     
   9.9299999999998327       0.47469856474874955     
   9.9399999999998325       0.46876505783034644     
   9.9499999999998323       0.46278380461789193     
   9.9599999999998321       0.45675461378983828     
   9.9699999999998319       0.45067729292517716     
   9.9799999999998317       0.44455164876872511     
   9.9899999999998315       0.43837748750748062     
   9.9999999999998312       0.43215461505856656     
